 Hessian
                1             2             3             4             5 
      1  0.539775D+00
      2  0.166725D+00  0.538724D+00
      3  0.313120D+00 -0.146605D+00  0.538256D+00
      4 -0.536866D-01  0.185589D-01 -0.308818D-01  0.472760D-01
      5  0.216087D-01 -0.207814D+00  0.146993D+00 -0.207587D-01  0.213880D+00
      6 -0.321683D-01  0.143615D+00 -0.174452D+00  0.389955D-01 -0.160420D+00
      7 -0.157860D+00 -0.145287D+00 -0.159559D-01  0.521574D-02  0.403192D-02
      8 -0.148586D+00 -0.232863D+00 -0.396519D-02 -0.127667D-01 -0.111322D-01
      9 -0.132416D-01 -0.820623D-03 -0.482913D-01  0.116294D-01  0.145314D-01
     10 -0.308145D+00 -0.311939D-01 -0.235964D+00  0.300934D-02 -0.693232D-03
     11 -0.227358D-01 -0.100554D+00  0.143233D-01  0.178953D-01  0.524635D-02
     12 -0.244752D+00  0.589586D-02 -0.307311D+00 -0.161524D-01 -0.331534D-03
     13  0.137992D-02  0.173538D-01 -0.185880D-01  0.187028D-02 -0.366089D-02
     14 -0.250796D-02  0.507616D-02 -0.139985D-02 -0.381310D-02  0.331890D-02
     15 -0.306850D-02  0.197072D-01 -0.110488D-01 -0.706702D-02  0.221373D-02
     16 -0.234775D-01 -0.188071D-01 -0.208002D-01 -0.219200D-02  0.104683D-02
     17 -0.969833D-02  0.123015D-02 -0.685705D-02  0.241439D-02 -0.150741D-02
     18 -0.187723D-01 -0.187752D-01  0.360149D-02  0.313848D-02 -0.203698D-02
     19  0.427265D-02 -0.286870D-02  0.859426D-02 -0.662694D-03  0.909687D-03
     20 -0.397879D-02 -0.100558D-02 -0.659988D-02 -0.999518D-04 -0.200384D-03
     21 -0.225148D-02  0.181567D-03 -0.423098D-02 -0.105762D-03 -0.467825D-04
     22 -0.560090D-04 -0.338767D-02  0.208510D-02  0.672292D-03 -0.136303D-03
     23 -0.308151D-02 -0.306479D-02 -0.502569D-04  0.249594D-03 -0.241229D-03
     24  0.827264D-03 -0.946737D-03  0.944318D-03  0.349839D-03  0.340203D-04
     25 -0.158483D-02 -0.115833D-02  0.457008D-03 -0.267967D-03 -0.138721D-02
     26  0.107871D-02  0.174397D-03  0.668633D-03 -0.663793D-03 -0.690518D-03
     27 -0.356778D-03 -0.207655D-02 -0.666793D-03 -0.489881D-03 -0.261315D-03
     28  0.250738D-03 -0.221160D-04  0.132434D-03 -0.453378D-04 -0.277481D-03
     29 -0.160551D-03 -0.659934D-04  0.912904D-04 -0.174826D-03 -0.608113D-03
     30  0.475130D-03 -0.155102D-03  0.758583D-03  0.475962D-04 -0.976571D-04
     31  0.627944D-04  0.569025D-04 -0.230651D-03 -0.241311D-04 -0.112230D-05
     32  0.307397D-03  0.242122D-03  0.335351D-03  0.260689D-03  0.192382D-03
     33 -0.717941D-03  0.293717D-04 -0.578245D-03  0.327801D-03 -0.424930D-03
     34  0.338074D-03 -0.268954D-03  0.809266D-03 -0.112988D-02 -0.623918D-03
     35 -0.646310D-03  0.437246D-04 -0.617435D-03 -0.103250D-02 -0.546592D-03
     36 -0.354191D-03  0.168392D-03  0.000000D+00  0.262039D-03 -0.325233D-03
     37 -0.120250D-02  0.796376D-03 -0.179028D-02  0.515320D-04 -0.189500D-03
     38  0.162640D-02  0.210317D-03  0.289188D-02 -0.153770D-03  0.104670D-03
     39  0.115359D-02 -0.202660D-03  0.243430D-02  0.108411D-03  0.483358D-04
     40 -0.678239D-04 -0.496838D-03 -0.987206D-03 -0.865743D-04  0.131291D-03
     41  0.498845D-04 -0.334527D-03  0.791084D-03  0.844813D-04 -0.227633D-05
     42  0.107138D-03 -0.155551D-04  0.583985D-03 -0.162166D-03  0.123146D-03
                6             7             8             9            10 
      6  0.180622D+00
      7 -0.835980D-03  0.162028D+00
      8 -0.237661D-02  0.160409D+00  0.238096D+00
      9  0.395510D-02  0.209337D-01  0.339450D-02  0.423942D-01
     10 -0.359516D-02 -0.977070D-02  0.103225D-02 -0.167449D-01  0.515494D+00
     11  0.179401D-01 -0.194695D-01  0.311295D-02 -0.183668D-01  0.105209D+00
     12 -0.106663D-01  0.280357D-03  0.217780D-02  0.213198D-02  0.297084D+00
     13 -0.717056D-02 -0.266308D-02  0.248883D-02  0.348111D-02 -0.519985D-01
     14  0.231405D-02  0.268249D-02 -0.856391D-03 -0.252229D-02  0.137456D-01
     15  0.247502D-02  0.334568D-02 -0.271367D-02 -0.234138D-02 -0.216298D-01
     16  0.371310D-02  0.352690D-02 -0.189454D-02 -0.529431D-02 -0.110386D+00
     17 -0.473048D-03 -0.185223D-02  0.290276D-02  0.381855D-02 -0.830121D-01
     18 -0.252614D-02 -0.772147D-02  0.383078D-02  0.199956D-02 -0.200826D-01
     19  0.978293D-03  0.102892D-02 -0.126067D-02 -0.186454D-02 -0.433636D-01
     20  0.329939D-04  0.170709D-03 -0.834768D-04 -0.148913D-03  0.127794D-02
     21 -0.839618D-04 -0.176876D-03  0.102108D-03  0.213018D-03  0.855389D-02
     22 -0.465288D-03 -0.170538D-02  0.591393D-03  0.467243D-03 -0.701268D-02
     23 -0.317882D-03 -0.131132D-02  0.720276D-03  0.214229D-03  0.526125D-04
     24 -0.787977D-04 -0.125773D-03  0.528809D-04 -0.147710D-04 -0.815685D-03
     25  0.988589D-04 -0.130445D-05 -0.103641D-03  0.492087D-03  0.468518D-02
     26  0.246787D-03  0.551282D-03  0.290322D-04  0.467975D-03  0.590902D-03
     27  0.258807D-03 -0.775583D-04  0.362140D-05 -0.208309D-03  0.436717D-02
     28 -0.163567D-04  0.113096D-03 -0.384056D-04  0.773116D-04  0.109128D-04
     29 -0.714774D-03 -0.531078D-04  0.208138D-03 -0.195503D-03  0.641589D-03
     30 -0.286213D-03 -0.837553D-04  0.113129D-03 -0.103617D-03 -0.295996D-03
     31  0.443739D-03  0.110543D-03 -0.159232D-03  0.853596D-04  0.223236D-03
     32 -0.234759D-03 -0.123642D-03  0.666404D-04 -0.408056D-04  0.219723D-02
     33  0.227715D-03  0.965547D-04 -0.171846D-03  0.263641D-03 -0.154234D-02
     34  0.129124D-03  0.174619D-04  0.169089D-03 -0.204910D-03 -0.362422D-03
     35  0.302490D-03  0.623159D-04  0.158009D-04  0.128562D-04  0.456160D-03
     36  0.408133D-03  0.133672D-03 -0.236647D-03  0.317267D-03 -0.824173D-03
     37 -0.174788D-03 -0.255631D-04  0.153044D-03  0.196794D-03  0.688752D-02
     38 -0.438204D-04  0.199794D-03 -0.974892D-04 -0.214478D-03 -0.843235D-02
     39  0.161079D-03  0.147693D-03 -0.168083D-03 -0.198044D-03 -0.706428D-02
     40  0.678628D-04 -0.144571D-04 -0.341460D-04 -0.127549D-04  0.728851D-03
     41  0.128699D-03 -0.108713D-04 -0.119798D-03 -0.130075D-03 -0.187169D-02
     42 -0.147642D-04  0.397156D-04 -0.427633D-04 -0.117336D-03 -0.144621D-02
               11            12            13            14            15 
     11  0.491606D+00
     12 -0.151632D+00  0.571576D+00
     13  0.132180D-01 -0.192623D-01  0.485423D-01
     14 -0.212167D+00  0.141266D+00 -0.979313D-02  0.220067D+00
     15  0.138407D+00 -0.168786D+00  0.295522D-01 -0.154137D+00  0.173356D+00
     16 -0.658659D-01 -0.222758D-02  0.383706D-02  0.445405D-02 -0.235017D-03
     17 -0.167873D+00  0.610075D-03 -0.173451D-01 -0.144970D-01 -0.320158D-02
     18 -0.325361D-02 -0.907139D-01  0.141543D-01  0.150127D-01  0.429707D-02
     19 -0.237274D-02 -0.718418D-02  0.823367D-03 -0.137529D-02 -0.349117D-03
     20  0.103044D-01  0.925061D-02  0.378577D-03  0.550648D-03  0.292522D-03
     21  0.286362D-02  0.436149D-02  0.190001D-03  0.773414D-03  0.166847D-03
     22 -0.959232D-02 -0.266487D-01  0.176764D-03  0.491771D-03  0.100663D-02
     23 -0.284091D-02 -0.218737D-01  0.301574D-03  0.407262D-03  0.380720D-03
     24 -0.462971D-03 -0.120339D-02 -0.647855D-03 -0.303217D-03  0.604057D-03
     25 -0.196321D-01  0.156354D-01 -0.243789D-02 -0.453617D-02 -0.135434D-02
     26 -0.239672D-01  0.139854D-01 -0.229541D-02 -0.987835D-03 -0.605424D-03
     27  0.186699D-03  0.545150D-02 -0.235822D-02 -0.151511D-02  0.132680D-02
     28 -0.104160D-02 -0.293635D-03  0.697721D-04  0.187793D-03  0.237148D-04
     29  0.119360D-02  0.869692D-04 -0.259411D-03  0.305125D-03  0.215317D-03
     30 -0.631990D-03  0.277838D-03  0.282371D-04 -0.271554D-03 -0.241548D-03
     31  0.995664D-03 -0.986348D-03  0.326241D-03  0.187881D-03 -0.142879D-03
     32 -0.261366D-02  0.440070D-02 -0.105724D-02 -0.100247D-02 -0.151264D-03
     33  0.335135D-02 -0.253006D-02  0.603954D-03  0.100597D-02  0.305014D-03
     34 -0.184634D-03  0.271344D-03 -0.515718D-04 -0.602567D-05 -0.138866D-03
     35  0.729893D-03 -0.130094D-03  0.347078D-03  0.140346D-04 -0.306528D-03
     36 -0.806942D-03  0.369855D-03  0.247037D-04  0.118605D-03  0.133126D-03
     37  0.391562D-02  0.395740D-02  0.245928D-03  0.397526D-03 -0.127572D-03
     38 -0.273899D-02 -0.280293D-02  0.503074D-03  0.260251D-05 -0.433779D-03
     39 -0.197646D-02 -0.249782D-02 -0.360194D-03 -0.411280D-03  0.114097D-03
     40 -0.338956D-03  0.278684D-03 -0.120572D-03 -0.115473D-03  0.184871D-03
     41  0.560858D-03 -0.903155D-03 -0.179704D-03 -0.231239D-03  0.332336D-03
     42  0.584983D-04 -0.460800D-03  0.352639D-03  0.694016D-04 -0.360234D-03
               16            17            18            19            20 
     16  0.301007D+00
     17  0.737961D-01  0.472473D+00
     18  0.567502D-01 -0.211131D-02  0.556878D+00
     19 -0.521600D-02  0.237283D-02  0.375951D-02  0.184018D-01
     20 -0.382162D-01 -0.244832D-01  0.285205D-02  0.390155D-01  0.234854D-01
     21 -0.378971D-01  0.112581D-01 -0.244759D-01  0.417526D-01 -0.230960D-01
     22 -0.287684D-01 -0.106047D-01 -0.225335D-01 -0.118477D-01  0.143641D-01
     23 -0.160221D-01 -0.667158D-01 -0.670884D-01  0.547700D-02 -0.629012D-02
     24 -0.293358D-01 -0.638839D-01 -0.294947D+00  0.713313D-04 -0.251110D-02
     25 -0.657046D-01  0.655776D-02 -0.173636D-01 -0.150190D-01  0.242783D-01
     26  0.372555D-02 -0.158441D+00  0.645421D-01  0.848083D-02 -0.140208D-01
     27 -0.154855D-01  0.620824D-01 -0.130018D+00  0.227852D-02 -0.329587D-02
     28 -0.362094D-02  0.306704D-02 -0.114347D-02  0.182037D-02 -0.364304D-03
     29  0.216545D-01 -0.133469D-01 -0.351581D-02  0.111254D-02 -0.319553D-02
     30 -0.166760D-01  0.872503D-02  0.190453D-02 -0.250414D-02  0.387416D-02
     31  0.365880D-02  0.578841D-02  0.139104D-02  0.747761D-03 -0.160168D-03
     32 -0.188581D-01 -0.184917D-01 -0.587283D-02 -0.621283D-03  0.252129D-04
     33  0.164029D-01  0.143067D-01  0.356659D-02  0.261589D-03 -0.444545D-03
     34 -0.114507D-02  0.377989D-04 -0.583650D-02  0.102437D-03 -0.335212D-03
     35 -0.812145D-03  0.885141D-02  0.276272D-01 -0.312210D-03  0.793482D-03
     36  0.590315D-03 -0.480326D-02 -0.196724D-01 -0.208474D-03  0.137240D-03
     37 -0.779202D-01  0.281275D-01  0.121325D-01  0.509004D-01 -0.454142D-01
     38  0.517246D-01 -0.182759D-01 -0.102919D-01 -0.409737D-01  0.153308D-01
     39  0.456331D-01 -0.174850D-01 -0.852007D-02 -0.370076D-01  0.218249D-01
     40  0.640146D-02  0.350688D-03  0.212745D-02 -0.198877D-02  0.908371D-02
     41  0.407427D-02 -0.182547D-02 -0.918705D-03 -0.758376D-02 -0.121079D-02
     42  0.486188D-02 -0.198578D-02 -0.137384D-02 -0.857803D-02 -0.216817D-02
               21            22            23            24            25 
     21  0.274775D-01
     22  0.246639D-01  0.421359D-01
     23 -0.114864D-01  0.139858D-01  0.710461D-01
     24 -0.760047D-02  0.302309D-01  0.692904D-01  0.316778D+00
     25 -0.557467D-02  0.510489D-04  0.197743D-02 -0.551602D-03  0.567951D+00
     26  0.359782D-02 -0.137002D-02  0.793909D-02 -0.486643D-02  0.243223D-01
     27 -0.366333D-03 -0.483733D-02  0.265984D-01 -0.151480D-01 -0.224075D-02
     28 -0.131207D-02  0.119008D-03  0.262552D-03 -0.277363D-03 -0.252913D+00
     29  0.178454D-02 -0.377715D-03  0.447950D-03  0.964232D-04  0.102910D+00
     30  0.923305D-04  0.184896D-03 -0.637593D-03  0.196348D-03  0.381654D-01
     31  0.211709D-04  0.138897D-03 -0.398209D-03  0.368377D-03 -0.192604D+00
     32 -0.236847D-03  0.251875D-03  0.105560D-02  0.821311D-04 -0.132980D+00
     33  0.270731D-03  0.529928D-03 -0.729125D-03  0.531177D-03 -0.358616D-01
     34 -0.553967D-03  0.627365D-03  0.100794D-02 -0.772118D-03 -0.469203D-01
     35  0.191837D-03  0.481008D-03 -0.435037D-02  0.325510D-02  0.337105D-02
     36  0.112419D-03 -0.420606D-03  0.362559D-02 -0.722978D-03  0.127479D-01
     37 -0.363096D-01  0.687216D-02 -0.292965D-02  0.104320D-02  0.559436D-02
     38  0.184860D-01 -0.394126D-02  0.160525D-02 -0.236589D-03 -0.321886D-02
     39  0.602642D-02 -0.369587D-02  0.165697D-02  0.513114D-03 -0.369079D-02
     40  0.900003D-02 -0.140333D-02  0.428224D-03 -0.364751D-03 -0.828148D-03
     41 -0.437299D-02 -0.755946D-03  0.281692D-03  0.399963D-03 -0.400971D-03
     42 -0.196311D-02 -0.567225D-03  0.416991D-03  0.148349D-03 -0.959336D-03
               26            27            28            29            30 
     26  0.518780D+00
     27  0.444328D-01  0.543093D+00
     28  0.101191D+00  0.408725D-01  0.274546D+00
     29 -0.952996D-01 -0.205965D-01 -0.113169D+00  0.103795D+00
     30 -0.195337D-01 -0.533663D-01 -0.428177D-01  0.190943D-01  0.553786D-01
     31 -0.134959D+00 -0.349189D-01 -0.191864D-01 -0.191798D-01 -0.563193D-02
     32 -0.167875D+00 -0.324356D-01  0.106038D-01  0.107635D-01  0.318390D-02
     33 -0.335229D-01 -0.558689D-01  0.444777D-02  0.441501D-02 -0.397334D-04
     34  0.251982D-02  0.136788D-01 -0.740248D-03  0.734385D-02  0.282365D-01
     35 -0.678469D-01 -0.730630D-01 -0.652451D-03 -0.460502D-02 -0.129487D-01
     36 -0.716436D-01 -0.295438D+00 -0.149259D-04 -0.117219D-02 -0.397157D-02
     37 -0.345525D-02 -0.716006D-03 -0.484623D-03 -0.312680D-03  0.110057D-02
     38  0.262351D-02  0.145411D-03  0.364052D-03  0.198866D-03 -0.859249D-03
     39  0.183683D-02  0.213499D-03  0.335635D-03  0.184306D-03 -0.181304D-03
     40  0.283421D-03  0.284008D-03  0.611189D-04  0.244981D-04 -0.228812D-03
     41 -0.416577D-03 -0.205374D-03 -0.110642D-03  0.209201D-03  0.144924D-03
     42  0.393661D-03  0.738072D-03 -0.138069D-04  0.226629D-03 -0.417907D-03
               31            32            33            34            35 
     31  0.205041D+00
     32  0.145331D+00  0.183192D+00
     33  0.391538D-01  0.323180D-01  0.581422D-01
     34  0.153578D-02 -0.555269D-02 -0.235254D-01  0.475266D-01
     35  0.272378D-02 -0.596800D-02 -0.203479D-01 -0.391173D-02  0.730187D-01
     36  0.311999D-03 -0.121200D-02 -0.421587D-02 -0.123369D-01  0.761680D-01
     37 -0.321831D-04  0.424651D-03 -0.142005D-03  0.648154D-04 -0.147645D-03
     38 -0.231098D-03  0.326164D-03  0.172757D-03 -0.552590D-03  0.221241D-03
     39  0.657217D-04 -0.225953D-03 -0.240431D-04  0.435150D-03 -0.254314D-03
     40  0.202660D-05 -0.183913D-03 -0.351377D-04  0.136984D-03  0.735938D-04
     41  0.526385D-05  0.873040D-04  0.421142D-04  0.357263D-03 -0.371405D-03
     42  0.695201D-04  0.899820D-04 -0.501708D-04 -0.191550D-03  0.110477D-03
               36            37            38            39            40 
     36  0.322354D+00
     37  0.382805D-03  0.227310D+00
     38 -0.395001D-03  0.167290D+00  0.135686D+00
     39  0.546857D-03  0.199595D+00  0.152169D+00  0.188275D+00
     40 -0.294124D-03 -0.218262D+00 -0.164204D+00 -0.195655D+00  0.215441D+00
     41  0.377070D-03 -0.148656D+00 -0.135197D+00 -0.156996D+00  0.154998D+00
     42 -0.222097D-03 -0.179148D+00 -0.158587D+00 -0.186863D+00  0.185635D+00
               41            42 
     41  0.138570D+00
     42  0.161311D+00  0.190373D+00
