 Hessian
                1             2             3             4             5 
      1  0.537692D+00
      2  0.166619D+00  0.538494D+00
      3  0.310084D+00 -0.147378D+00  0.535325D+00
      4 -0.537858D-01  0.184640D-01 -0.309711D-01  0.471719D-01
      5  0.215784D-01 -0.207805D+00  0.147195D+00 -0.206229D-01  0.213734D+00
      6 -0.321031D-01  0.143833D+00 -0.174791D+00  0.390628D-01 -0.160634D+00
      7 -0.158222D+00 -0.145411D+00 -0.158410D-01  0.530419D-02  0.398947D-02
      8 -0.148805D+00 -0.232945D+00 -0.366567D-02 -0.127958D-01 -0.110218D-01
      9 -0.131443D-01 -0.651660D-03 -0.483265D-01  0.116090D-01  0.145833D-01
     10 -0.303782D+00 -0.307367D-01 -0.230616D+00  0.310361D-02 -0.714212D-03
     11 -0.204547D-01 -0.996353D-01  0.170959D-01  0.180162D-01  0.519356D-02
     12 -0.241580D+00  0.657050D-02 -0.303522D+00 -0.161270D-01 -0.379619D-03
     13  0.127448D-02  0.173196D-01 -0.186596D-01  0.181163D-02 -0.363116D-02
     14 -0.237087D-02  0.514768D-02 -0.137133D-02 -0.380387D-02  0.330626D-02
     15 -0.293262D-02  0.196854D-01 -0.110098D-01 -0.700389D-02  0.217840D-02
     16 -0.266625D-01 -0.197982D-01 -0.245319D-01 -0.224031D-02  0.105515D-02
     17 -0.110816D-01  0.786406D-03 -0.873272D-02  0.230109D-02 -0.141126D-02
     18 -0.186199D-01 -0.190254D-01  0.397107D-02  0.309115D-02 -0.198471D-02
     19  0.569356D-02 -0.174186D-02  0.100607D-01 -0.540807D-03  0.797885D-03
     20 -0.501098D-02 -0.135375D-02 -0.791124D-02 -0.539395D-04 -0.219153D-03
     21 -0.306644D-02 -0.175528D-03 -0.522236D-02 -0.114754D-03 -0.589979D-04
     22  0.446507D-03 -0.334377D-02  0.234383D-02  0.657861D-03 -0.118250D-03
     23 -0.350058D-02 -0.321642D-02 -0.327987D-03  0.222731D-03 -0.221375D-03
     24  0.737482D-03 -0.927541D-03  0.863233D-03  0.336887D-03  0.394779D-04
     25 -0.178685D-02 -0.987589D-03  0.270785D-03 -0.173583D-03 -0.140954D-02
     26  0.116324D-02  0.324654D-04  0.873415D-03 -0.722451D-03 -0.663198D-03
     27 -0.412544D-03 -0.210664D-02 -0.833625D-03 -0.535645D-03 -0.217048D-03
     28  0.304821D-03 -0.693255D-04  0.258237D-03 -0.724116D-04 -0.262693D-03
     29 -0.789353D-04 -0.110311D-03  0.156220D-03 -0.202552D-03 -0.596762D-03
     30  0.438992D-03 -0.122355D-03  0.723128D-03  0.661334D-04 -0.112554D-03
     31  0.760140D-04  0.541204D-04 -0.205604D-03 -0.276730D-04  0.000000D+00
     32  0.302608D-03  0.245965D-03  0.325349D-03  0.264682D-03  0.189200D-03
     33 -0.761077D-03  0.137292D-04 -0.638712D-03  0.323728D-03 -0.415208D-03
     34  0.392922D-03 -0.275881D-03  0.892436D-03 -0.112970D-02 -0.641730D-03
     35 -0.610977D-03  0.535214D-04 -0.559361D-03 -0.102922D-02 -0.556311D-03
     36 -0.348013D-03  0.152590D-03 -0.134361D-04  0.270005D-03 -0.330548D-03
     37 -0.159071D-02  0.410559D-03 -0.223572D-02  0.160171D-04 -0.154691D-03
     38  0.207399D-02  0.569439D-03  0.338063D-02 -0.124684D-03  0.770536D-04
     39  0.148826D-02  0.967836D-04  0.275510D-02  0.147810D-03  0.192703D-04
     40 -0.510403D-04 -0.503484D-03 -0.848735D-03 -0.948846D-04  0.134152D-03
     41  0.176527D-03 -0.264250D-03  0.920196D-03  0.866370D-04 -0.532677D-05
     42  0.219120D-03  0.356351D-04  0.719677D-03 -0.155188D-03  0.117179D-03
                6             7             8             9            10 
      6  0.180874D+00
      7 -0.914207D-03  0.162260D+00
      8 -0.231822D-02  0.160600D+00  0.237995D+00
      9  0.403025D-02  0.208145D-01  0.305102D-02  0.422678D-01
     10 -0.364768D-02 -0.956136D-02  0.952597D-03 -0.168112D-01  0.504588D+00
     11  0.177854D-01 -0.194837D-01  0.324398D-02 -0.180575D-01  0.101349D+00
     12 -0.106850D-01  0.365097D-03  0.215878D-02  0.229359D-02  0.291542D+00
     13 -0.709816D-02 -0.262306D-02  0.246041D-02  0.342495D-02 -0.516714D-01
     14  0.227611D-02  0.265437D-02 -0.856018D-03 -0.249353D-02  0.133660D-01
     15  0.244693D-02  0.331461D-02 -0.268024D-02 -0.228807D-02 -0.218339D-01
     16  0.376769D-02  0.336937D-02 -0.183110D-02 -0.542462D-02 -0.103230D+00
     17 -0.346110D-03 -0.178036D-02  0.279983D-02  0.360630D-02 -0.824462D-01
     18 -0.248504D-02 -0.767376D-02  0.373780D-02  0.182790D-02 -0.222968D-01
     19  0.821343D-03  0.100611D-02 -0.113873D-02 -0.153022D-02 -0.445449D-01
     20  0.391046D-04  0.459838D-04 -0.765158D-05 -0.857821D-04  0.621218D-02
     21 -0.833592D-04 -0.228096D-03  0.139768D-03  0.189923D-03  0.112608D-01
     22 -0.446057D-03 -0.171061D-02  0.597494D-03  0.511518D-03 -0.770341D-02
     23 -0.291849D-03 -0.128088D-02  0.686889D-03  0.110295D-03 -0.254927D-05
     24 -0.631580D-04 -0.101745D-03  0.564896D-04 -0.223294D-04 -0.421289D-03
     25  0.561044D-04 -0.627255D-04 -0.781388D-04  0.558324D-03  0.527510D-02
     26  0.284298D-03  0.582857D-03  0.000000D+00  0.419637D-03  0.332102D-03
     27  0.325632D-03 -0.383553D-04 -0.196866D-04 -0.242724D-03  0.438300D-02
     28 -0.219483D-05  0.131761D-03 -0.503563D-04  0.528362D-04 -0.196767D-03
     29 -0.700834D-03 -0.304884D-04  0.198666D-03 -0.214718D-03  0.370472D-03
     30 -0.304802D-03 -0.101193D-03  0.122156D-03 -0.893337D-04 -0.195801D-03
     31  0.439753D-03  0.111905D-03 -0.156448D-03  0.824519D-04  0.178784D-03
     32 -0.240838D-03 -0.128092D-03  0.704177D-04 -0.400337D-04  0.213362D-02
     33  0.235495D-03  0.998647D-04 -0.173395D-03  0.257515D-03 -0.142750D-02
     34  0.115430D-03  0.169541D-04  0.170231D-03 -0.205645D-03 -0.524341D-03
     35  0.290201D-03  0.554169D-04  0.184214D-04  0.204023D-04  0.387414D-03
     36  0.396934D-03  0.121226D-03 -0.227507D-03  0.325616D-03 -0.809979D-03
     37 -0.124822D-03 -0.222031D-04  0.119617D-03  0.934599D-04  0.772018D-02
     38 -0.978625D-04  0.191286D-03 -0.692222D-04 -0.128290D-03 -0.911529D-02
     39  0.122298D-03  0.139882D-03 -0.142759D-03 -0.117454D-03 -0.748114D-02
     40  0.731307D-04  0.221959D-05 -0.441262D-04 -0.311429D-04  0.348480D-03
     41  0.121619D-03 -0.487243D-05 -0.113402D-03 -0.119441D-03 -0.208830D-02
     42 -0.191113D-04  0.432093D-04 -0.385444D-04 -0.106226D-03 -0.164433D-02
               11            12            13            14            15 
     11  0.489533D+00
     12 -0.155558D+00  0.568533D+00
     13  0.133946D-01 -0.190816D-01  0.486396D-01
     14 -0.212405D+00  0.141448D+00 -0.959581D-02  0.220099D+00
     15  0.138414D+00 -0.169454D+00  0.294116D-01 -0.154365D+00  0.173854D+00
     16 -0.618792D-01  0.115348D-02  0.336234D-02  0.437636D-02  0.158399D-03
     17 -0.167293D+00  0.328529D-02 -0.174869D-01 -0.143117D-01 -0.299401D-02
     18 -0.345855D-02 -0.921866D-01  0.142902D-01  0.149890D-01  0.430594D-02
     19 -0.548866D-02 -0.839272D-02  0.106631D-02 -0.115499D-02 -0.581550D-03
     20  0.111500D-01  0.994093D-02  0.211648D-04  0.405522D-03  0.456692D-03
     21  0.407181D-02  0.504599D-02  0.564028D-04  0.721011D-03  0.269887D-03
     22 -0.101793D-01 -0.267917D-01  0.875772D-04  0.529359D-03  0.104649D-02
     23 -0.167898D-02 -0.214198D-01  0.352559D-03  0.400037D-03  0.351824D-03
     24 -0.151975D-03 -0.950810D-03 -0.640420D-03 -0.299685D-03  0.605399D-03
     25 -0.194934D-01  0.157514D-01 -0.230395D-02 -0.454247D-02 -0.147000D-02
     26 -0.240779D-01  0.137046D-01 -0.234239D-02 -0.979299D-03 -0.582074D-03
     27  0.497068D-03  0.579023D-02 -0.241754D-02 -0.147198D-02  0.140120D-02
     28 -0.116533D-02 -0.416256D-03  0.669645D-04  0.180166D-03  0.200355D-04
     29  0.113940D-02  0.849067D-04 -0.279237D-03  0.316692D-03  0.241951D-03
     30 -0.560950D-03  0.344860D-03  0.425744D-04 -0.273368D-03 -0.256988D-03
     31  0.977463D-03 -0.101355D-02  0.327767D-03  0.189718D-03 -0.142496D-03
     32 -0.256115D-02  0.443577D-02 -0.104456D-02 -0.994582D-03 -0.157305D-03
     33  0.345316D-02 -0.245104D-02  0.586885D-03  0.100226D-02  0.317663D-03
     34 -0.281425D-03  0.182362D-03 -0.454160D-04 -0.711863D-05 -0.142294D-03
     35  0.608915D-03 -0.205633D-03  0.358722D-03  0.481804D-05 -0.319600D-03
     36 -0.766460D-03  0.396713D-03  0.186583D-04  0.120896D-03  0.134292D-03
     37  0.504619D-02  0.426638D-02  0.125380D-03  0.300640D-03 -0.347028D-04
     38 -0.363368D-02 -0.307893D-02  0.632777D-03  0.793650D-04 -0.541521D-03
     39 -0.268514D-02 -0.259819D-02 -0.293358D-03 -0.351476D-03  0.395351D-04
     40 -0.357615D-03  0.141892D-03 -0.118252D-03 -0.121492D-03  0.190252D-03
     41  0.415598D-03 -0.986909D-03 -0.159665D-03 -0.213076D-03  0.311346D-03
     42 -0.790383D-04 -0.556228D-03  0.359346D-03  0.691386D-04 -0.365962D-03
               16            17            18            19            20 
     16  0.265341D+00
     17  0.865645D-01  0.462772D+00
     18  0.702805D-01 -0.600118D-02  0.555178D+00
     19  0.292130D-01 -0.100218D-01 -0.539902D-02 -0.153528D-01
     20 -0.528062D-01 -0.148318D-01  0.751598D-02  0.558705D-01  0.168705D-01
     21 -0.464719D-01  0.141952D-01 -0.175926D-01  0.519151D-01 -0.264613D-01
     22 -0.284712D-01 -0.113978D-01 -0.265659D-01 -0.112713D-01  0.132065D-01
     23 -0.180900D-01 -0.666023D-01 -0.661057D-01  0.519014D-02 -0.584009D-02
     24 -0.352176D-01 -0.626809D-01 -0.297441D+00 -0.241960D-03 -0.217275D-02
     25 -0.650488D-01  0.544516D-02 -0.182827D-01 -0.142483D-01  0.217359D-01
     26  0.213699D-02 -0.157855D+00  0.649898D-01  0.858978D-02 -0.130719D-01
     27 -0.150883D-01  0.612313D-01 -0.129969D+00  0.170182D-02 -0.261940D-02
     28 -0.355087D-02  0.348429D-02 -0.139572D-02  0.176759D-02 -0.407242D-03
     29  0.216983D-01 -0.137623D-01 -0.310789D-02  0.728949D-03 -0.263815D-02
     30 -0.167889D-01  0.886046D-02  0.162109D-02 -0.192615D-02  0.319539D-02
     31  0.377647D-02  0.585591D-02  0.142882D-02  0.643231D-03 -0.887980D-04
     32 -0.186639D-01 -0.186865D-01 -0.591445D-02 -0.910071D-03  0.392208D-04
     33  0.162736D-01  0.141511D-01  0.369224D-02  0.352887D-03 -0.404878D-03
     34 -0.119803D-02  0.305679D-03 -0.598552D-02  0.144529D-03 -0.284293D-03
     35 -0.495877D-03  0.892825D-02  0.275523D-01 -0.431924D-03  0.737091D-03
     36  0.108675D-03 -0.453748D-02 -0.195981D-01  0.252542D-03 -0.109202D-03
     37 -0.816493D-01  0.302333D-01  0.152716D-01  0.483045D-01 -0.495657D-01
     38  0.537421D-01 -0.188775D-01 -0.121862D-01 -0.419190D-01  0.111161D-01
     39  0.469544D-01 -0.181178D-01 -0.990220D-02 -0.376237D-01  0.217822D-01
     40  0.698824D-02  0.248537D-04  0.185710D-02 -0.188065D-02  0.111250D-01
     41  0.399123D-02 -0.165479D-02 -0.100069D-02 -0.837027D-02 -0.235597D-02
     42  0.482649D-02 -0.191941D-02 -0.142136D-02 -0.940912D-02 -0.316572D-02
               21            22            23            24            25 
     21  0.265312D-01
     22  0.217240D-01  0.413563D-01
     23 -0.102531D-01  0.161274D-01  0.696868D-01
     24 -0.688385D-02  0.364487D-01  0.673937D-01  0.317943D+00
     25 -0.393031D-02  0.721104D-03  0.234640D-02 -0.902041D-03  0.564431D+00
     26  0.259699D-02 -0.144965D-02  0.792323D-02 -0.486574D-02  0.275933D-01
     27 -0.401035D-03 -0.505313D-02  0.264469D-01 -0.147213D-01 -0.239301D-02
     28 -0.128649D-02  0.131050D-03  0.297094D-03 -0.263168D-03 -0.251901D+00
     29  0.161569D-02 -0.442262D-03  0.388036D-03  0.146757D-03  0.102829D+00
     30  0.501707D-04  0.438401D-03 -0.654440D-03  0.875080D-04  0.380159D-01
     31  0.148374D-04  0.121185D-03 -0.391255D-03  0.364732D-03 -0.192541D+00
     32 -0.455495D-04  0.323513D-03  0.106300D-02  0.644938D-04 -0.133284D+00
     33  0.164881D-03  0.524124D-03 -0.748034D-03  0.553985D-03 -0.359713D-01
     34 -0.614011D-03  0.638719D-03  0.103194D-02 -0.800919D-03 -0.465938D-01
     35  0.438974D-03  0.468193D-03 -0.432687D-02  0.320729D-02  0.298412D-02
     36 -0.220647D-03 -0.266352D-03  0.354062D-02 -0.727342D-03  0.124857D-01
     37 -0.403620D-01  0.645647D-02 -0.276367D-02  0.108076D-02  0.514580D-02
     38  0.188749D-01 -0.362896D-02  0.147273D-02 -0.193385D-03 -0.281155D-02
     39  0.117483D-02 -0.339514D-02  0.155521D-02  0.617335D-03 -0.329026D-02
     40  0.111029D-01 -0.146031D-02  0.460734D-03 -0.379400D-03 -0.912335D-03
     41 -0.565989D-02 -0.692321D-03  0.265295D-03  0.383812D-03 -0.327217D-03
     42 -0.302306D-02 -0.518768D-03  0.402316D-03  0.139717D-03 -0.898535D-03
               26            27            28            29            30 
     26  0.516709D+00
     27  0.449459D-01  0.542826D+00
     28  0.100452D+00  0.413723D-01  0.273728D+00
     29 -0.944740D-01 -0.208881D-01 -0.112658D+00  0.103103D+00
     30 -0.193991D-01 -0.528443D-01 -0.431400D-01  0.192246D-01  0.550215D-01
     31 -0.135250D+00 -0.349783D-01 -0.192039D-01 -0.191586D-01 -0.562611D-02
     32 -0.168018D+00 -0.324976D-01  0.105746D-01  0.107128D-01  0.312588D-02
     33 -0.335510D-01 -0.561236D-01  0.449186D-02  0.441185D-02 -0.239276D-05
     34  0.208736D-02  0.135233D-01 -0.771888D-03  0.731684D-02  0.282234D-01
     35 -0.677469D-01 -0.729262D-01 -0.630180D-03 -0.453120D-02 -0.129291D-01
     36 -0.715762D-01 -0.295904D+00 -0.314211D-04 -0.121460D-02 -0.401442D-02
     37 -0.347808D-02 -0.389774D-03 -0.491204D-03 -0.130310D-03  0.801441D-03
     38  0.264058D-02 -0.147366D-03  0.358544D-03  0.767872D-04 -0.642514D-03
     39  0.176653D-02  0.388935D-05  0.349131D-03  0.435528D-04  0.509105D-04
     40  0.305077D-03  0.326194D-03  0.577786D-04  0.367613D-04 -0.248721D-03
     41 -0.419299D-03 -0.227167D-03 -0.103513D-03  0.177712D-03  0.165827D-03
     42  0.392948D-03  0.692770D-03 -0.911976D-05  0.200561D-03 -0.386967D-03
               31            32            33            34            35 
     31  0.205022D+00
     32  0.145518D+00  0.183475D+00
     33  0.392229D-01  0.323598D-01  0.582015D-01
     34  0.151495D-02 -0.547743D-02 -0.235060D-01  0.473747D-01
     35  0.272824D-02 -0.590201D-02 -0.203442D-01 -0.374289D-02  0.729053D-01
     36  0.309014D-03 -0.119229D-02 -0.415163D-02 -0.119802D-01  0.760056D-01
     37 -0.100428D-04  0.570461D-03 -0.178654D-03  0.604211D-04 -0.117765D-03
     38 -0.271641D-03  0.275133D-03  0.199431D-03 -0.557494D-03  0.193951D-03
     39  0.417894D-04 -0.307012D-03 -0.942110D-05  0.486513D-03 -0.329824D-03
     40  0.107747D-04 -0.178825D-03 -0.313737D-04  0.119960D-03  0.767254D-04
     41 -0.626068D-05  0.908632D-04  0.454073D-04  0.356214D-03 -0.386985D-03
     42  0.617271D-04  0.838344D-04 -0.465254D-04 -0.188800D-03  0.991306D-04
               36            37            38            39            40 
     36  0.322844D+00
     37  0.167604D-03  0.232604D+00
     38 -0.245281D-03  0.166469D+00  0.144313D+00
     39  0.721627D-03  0.198696D+00  0.156416D+00  0.197110D+00
     40 -0.297413D-03 -0.216669D+00 -0.165039D+00 -0.196220D+00  0.213659D+00
     41  0.379831D-03 -0.146940D+00 -0.138234D+00 -0.159745D+00  0.154082D+00
     42 -0.189264D-03 -0.177052D+00 -0.161610D+00 -0.189968D+00  0.184366D+00
               41            42 
     41  0.142697D+00
     42  0.165412D+00  0.194531D+00
