 Hessian
                1             2             3             4             5 
      1  0.542157D+00
      2  0.166513D+00  0.540026D+00
      3  0.320281D+00 -0.144175D+00  0.542946D+00
      4 -0.534100D-01  0.189969D-01 -0.309062D-01  0.475150D-01
      5  0.218553D-01 -0.208151D+00  0.146357D+00 -0.214073D-01  0.214621D+00
      6 -0.325966D-01  0.143017D+00 -0.173031D+00  0.391196D-01 -0.159782D+00
      7 -0.156169D+00 -0.144767D+00 -0.165834D-01  0.500920D-02  0.416001D-02
      8 -0.147862D+00 -0.233234D+00 -0.502220D-02 -0.126789D-01 -0.114457D-01
      9 -0.139728D-01 -0.156184D-02 -0.481754D-01  0.116159D-01  0.143806D-01
     10 -0.316211D+00 -0.317488D-01 -0.246554D+00  0.279252D-02 -0.602130D-03
     11 -0.270395D-01 -0.102177D+00  0.909959D-02  0.177419D-01  0.538122D-02
     12 -0.251521D+00  0.422511D-02 -0.314403D+00 -0.161631D-01 -0.107879D-03
     13  0.154697D-02  0.175028D-01 -0.185134D-01  0.199190D-02 -0.369449D-02
     14 -0.278550D-02  0.484044D-02 -0.137859D-02 -0.380729D-02  0.332930D-02
     15 -0.329988D-02  0.198409D-01 -0.111089D-01 -0.721687D-02  0.225960D-02
     16 -0.165385D-01 -0.188041D-01 -0.120594D-01 -0.241707D-02  0.134092D-02
     17 -0.752102D-02  0.296077D-02 -0.452485D-02  0.268243D-02 -0.191499D-02
     18 -0.190206D-01 -0.176778D-01  0.210550D-02  0.320670D-02 -0.221747D-02
     19  0.829138D-03 -0.364360D-02  0.336529D-02 -0.614308D-03  0.805480D-03
     20 -0.163548D-02 -0.179989D-02 -0.213443D-02 -0.451354D-03  0.131356D-03
     21 -0.338939D-03 -0.144075D-03 -0.781638D-03 -0.224389D-03  0.202817D-03
     22 -0.106110D-02 -0.301820D-02  0.135787D-02  0.751298D-03 -0.243736D-03
     23 -0.213013D-02 -0.273923D-02  0.607743D-03  0.345917D-03 -0.307900D-03
     24  0.946589D-03 -0.109059D-02  0.125247D-02  0.428112D-03  0.340880D-05
     25 -0.120786D-02 -0.135566D-02  0.622919D-03 -0.473763D-03 -0.134033D-02
     26  0.996166D-03  0.468218D-03  0.261532D-03 -0.531049D-03 -0.745212D-03
     27 -0.201056D-03 -0.214532D-02 -0.181242D-03 -0.410983D-03 -0.399127D-03
     28  0.111441D-03  0.132274D-03 -0.164831D-03  0.307254D-04 -0.339251D-03
     29 -0.309993D-03  0.450128D-05  0.688714D-05 -0.120609D-03 -0.649234D-03
     30  0.535131D-03 -0.177562D-03  0.750743D-03  0.126789D-04 -0.704479D-04
     31  0.416028D-04  0.701170D-04 -0.283847D-03 -0.129430D-04  0.000000D+00
     32  0.334100D-03  0.216673D-03  0.390958D-03  0.256168D-03  0.199639D-03
     33 -0.641314D-03  0.516042D-04 -0.445202D-03  0.337057D-03 -0.456204D-03
     34  0.225512D-03 -0.216396D-03  0.607067D-03 -0.111840D-02 -0.542864D-03
     35 -0.696520D-03  0.438875D-04 -0.730782D-03 -0.101894D-02 -0.490920D-03
     36 -0.339972D-03  0.247750D-03  0.423062D-04  0.266182D-03 -0.307169D-03
     37 -0.128509D-03  0.806536D-03  0.139392D-03  0.303822D-04 -0.115234D-03
     38  0.555528D-03 -0.148096D-05  0.100576D-02 -0.111499D-03  0.530386D-04
     39  0.328120D-03 -0.343834D-03  0.996127D-03  0.101177D-03  0.138040D-04
     40 -0.186342D-03 -0.468312D-03 -0.130784D-02 -0.745161D-04  0.123642D-03
     41 -0.274375D-03 -0.456626D-03  0.236244D-03  0.103544D-03 -0.993081D-05
     42 -0.158792D-03 -0.668518D-04  0.331298D-04 -0.165840D-03  0.123247D-03
                6             7             8             9            10 
      6  0.179453D+00
      7 -0.622713D-03  0.160656D+00
      8 -0.256668D-02  0.159743D+00  0.238991D+00
      9  0.377933D-02  0.216104D-01  0.464726D-02  0.426431D-01
     10 -0.356759D-02 -0.103350D-01  0.129392D-02 -0.162164D-01  0.532768D+00
     11  0.182427D-01 -0.196352D-01  0.278974D-02 -0.190495D-01  0.109419D+00
     12 -0.106837D-01 -0.785646D-04  0.221788D-02  0.177143D-02  0.309397D+00
     13 -0.733993D-02 -0.275836D-02  0.253777D-02  0.361368D-02 -0.523898D-01
     14  0.240579D-02  0.274237D-02 -0.822770D-03 -0.257270D-02  0.146614D-01
     15  0.250324D-02  0.340128D-02 -0.277057D-02 -0.244660D-02 -0.213452D-01
     16  0.403070D-02  0.427791D-02 -0.252293D-02 -0.596288D-02 -0.130791D+00
     17 -0.831667D-03 -0.189056D-02  0.329194D-02  0.458726D-02 -0.765847D-01
     18 -0.257691D-02 -0.760162D-02  0.406765D-02  0.253782D-02 -0.142785D-01
     19  0.877183D-03  0.691959D-03 -0.106114D-02 -0.178184D-02 -0.292935D-01
     20  0.333296D-03  0.656340D-03 -0.597088D-03 -0.102144D-02 -0.173703D-01
     21  0.165900D-03  0.698752D-04 -0.238324D-03 -0.234936D-03 -0.328117D-02
     22 -0.593077D-03 -0.172742D-02  0.645388D-03  0.542344D-03 -0.366023D-02
     23 -0.393124D-03 -0.140654D-02  0.812175D-03  0.494882D-03  0.644439D-03
     24 -0.165893D-03 -0.275648D-03  0.545371D-04  0.158245D-04 -0.206680D-02
     25  0.170772D-03  0.138401D-03 -0.121851D-03  0.393737D-03  0.393629D-02
     26  0.153649D-03  0.499234D-03  0.630719D-04  0.542718D-03  0.509412D-03
     27  0.102812D-03 -0.173571D-03  0.446734D-04 -0.134796D-03  0.388347D-02
     28 -0.472743D-04  0.638102D-04 -0.169406D-04  0.144664D-03  0.432068D-03
     29 -0.753587D-03 -0.106012D-03  0.226734D-03 -0.164630D-03  0.104604D-02
     30 -0.240813D-03 -0.508779D-04  0.105254D-03 -0.111823D-03 -0.186809D-03
     31  0.455865D-03  0.104717D-03 -0.168138D-03  0.930937D-04  0.343750D-03
     32 -0.219888D-03 -0.111610D-03  0.546314D-04 -0.449408D-04  0.213764D-02
     33  0.208274D-03  0.869951D-04 -0.164839D-03  0.280434D-03 -0.170329D-02
     34  0.161108D-03  0.223574D-04  0.165628D-03 -0.204601D-03  0.440394D-04
     35  0.331217D-03  0.907274D-04  0.316887D-05 -0.183469D-04  0.552924D-03
     36  0.403547D-03  0.163606D-03 -0.249144D-03  0.301413D-03 -0.768051D-03
     37 -0.107278D-03  0.598422D-04  0.607625D-04  0.104436D-03  0.884906D-03
     38 -0.615661D-04  0.948572D-04 -0.243926D-04 -0.124327D-03 -0.346181D-02
     39  0.113079D-03  0.566657D-04 -0.975115D-04 -0.132301D-03 -0.298526D-02
     40  0.593338D-04 -0.341213D-04 -0.143038D-04  0.202979D-04  0.147931D-02
     41  0.124772D-03 -0.694195D-04 -0.108474D-03 -0.950304D-04 -0.497366D-03
     42 -0.307904D-04 -0.245441D-05 -0.279903D-04 -0.934940D-04 -0.327370D-03
               11            12            13            14            15 
     11  0.494842D+00
     12 -0.141650D+00  0.577572D+00
     13  0.124692D-01 -0.193877D-01  0.481604D-01
     14 -0.211648D+00  0.140260D+00 -0.102678D-01  0.220028D+00
     15  0.137773D+00 -0.166767D+00  0.297760D-01 -0.153146D+00  0.171610D+00
     16 -0.693310D-01 -0.112854D-01  0.453166D-02  0.399770D-02 -0.655087D-03
     17 -0.168128D+00 -0.438385D-02 -0.164419D-01 -0.145257D-01 -0.387925D-02
     18 -0.353463D-02 -0.864705D-01  0.138104D-01  0.153849D-01  0.439750D-02
     19  0.352896D-02 -0.282315D-02  0.489698D-03 -0.119199D-02 -0.753015D-04
     20  0.979833D-02  0.479521D-02  0.100029D-02  0.461883D-03  0.155732D-03
     21  0.911725D-03  0.742339D-03  0.352169D-03  0.460010D-03  0.900377D-04
     22 -0.934911D-02 -0.258056D-01  0.406894D-03  0.488381D-03  0.860177D-03
     23 -0.628213D-02 -0.234362D-01  0.163859D-03  0.393946D-03  0.543310D-03
     24 -0.172016D-02 -0.294897D-02 -0.659780D-03 -0.335218D-03  0.580244D-03
     25 -0.194717D-01  0.156653D-01 -0.250668D-02 -0.441209D-02 -0.120425D-02
     26 -0.238546D-01  0.152588D-01 -0.235427D-02 -0.110485D-02 -0.616497D-03
     27 -0.916263D-03  0.480469D-02 -0.228967D-02 -0.178193D-02  0.111604D-02
     28 -0.719712D-03 -0.162448D-04  0.598444D-04  0.207062D-03  0.468750D-04
     29  0.123508D-02  0.892405D-04 -0.246915D-03  0.254096D-03  0.165028D-03
     30 -0.812849D-03  0.200697D-03  0.231739D-04 -0.239779D-03 -0.218170D-03
     31  0.103016D-02 -0.912650D-03  0.308957D-03  0.177621D-03 -0.138204D-03
     32 -0.272289D-02  0.435260D-02 -0.107534D-02 -0.104103D-02 -0.145237D-03
     33  0.308080D-02 -0.283403D-02  0.633357D-03  0.103361D-02  0.295992D-03
     34  0.523267D-04  0.543952D-03 -0.659731D-04  0.229521D-05 -0.134169D-03
     35  0.110317D-02  0.679324D-04  0.347168D-03  0.512542D-04 -0.279715D-03
     36 -0.100675D-02  0.418148D-03  0.260004D-04  0.121318D-03  0.132726D-03
     37  0.148709D-02  0.170339D-02  0.332681D-03  0.276596D-03 -0.183641D-03
     38 -0.113428D-02 -0.118603D-02  0.295669D-03  0.360078D-04 -0.283539D-03
     39 -0.748727D-03 -0.137192D-02 -0.406014D-03 -0.328379D-03  0.184510D-03
     40 -0.182821D-03  0.683029D-03 -0.108111D-03 -0.887299D-04  0.168314D-03
     41  0.797804D-03 -0.502491D-03 -0.236041D-03 -0.252181D-03  0.383441D-03
     42  0.331417D-03 -0.298576D-04  0.361697D-03  0.117169D-03 -0.369377D-03
               16            17            18            19            20 
     16  0.464752D+00
     17  0.715591D-02  0.498828D+00
     18  0.107473D-01  0.830446D-02  0.549989D+00
     19 -0.179397D+00  0.633730D-01  0.268773D-01  0.199154D+00
     20  0.418970D-01 -0.600100D-01 -0.887643D-02 -0.511366D-01  0.656220D-01
     21  0.221240D-02 -0.124055D-02 -0.377870D-01 -0.584635D-02  0.159170D-02
     22 -0.338221D-01 -0.211414D-02  0.124848D-02 -0.866569D-02  0.138189D-01
     23 -0.446121D-02 -0.699007D-01 -0.737904D-01  0.397667D-02 -0.550242D-02
     24 -0.107532D-02 -0.704611D-01 -0.284651D+00  0.592515D-03 -0.239800D-02
     25 -0.740247D-01  0.111986D-01 -0.134977D-01 -0.868865D-02  0.256596D-01
     26  0.956604D-02 -0.158894D+00  0.637242D-01  0.467600D-02 -0.135102D-01
     27 -0.135182D-01  0.635530D-01 -0.131425D+00  0.134905D-02 -0.294165D-02
     28 -0.314791D-02  0.187466D-02 -0.887806D-03  0.163149D-02 -0.807463D-04
     29  0.226396D-01 -0.126644D-01 -0.414408D-02  0.647243D-03 -0.367805D-02
     30 -0.185889D-01  0.946570D-02  0.252171D-02 -0.188481D-02  0.437707D-02
     31  0.348805D-02  0.540854D-02  0.118393D-02  0.749338D-03 -0.131035D-03
     32 -0.187405D-01 -0.180366D-01 -0.582684D-02 -0.135713D-03  0.209008D-03
     33  0.166826D-01  0.148546D-01  0.338788D-02  0.318949D-04 -0.558920D-03
     34 -0.899238D-03 -0.848866D-03 -0.510409D-02  0.348059D-04 -0.513636D-03
     35 -0.197228D-02  0.890888D-02  0.271947D-01 -0.436285D-04  0.930449D-03
     36  0.149901D-02 -0.530267D-02 -0.197099D-01 -0.693029D-03  0.288305D-03
     37 -0.397661D-01  0.125988D-01  0.892213D-03  0.255387D-01 -0.162735D-01
     38  0.272084D-01 -0.882413D-02 -0.221551D-02 -0.168661D-01  0.865698D-02
     39  0.255693D-01 -0.895705D-02 -0.175982D-02 -0.163202D-01  0.832981D-02
     40  0.375424D-02  0.110920D-02  0.242389D-02 -0.246017D-02  0.456052D-02
     41  0.202640D-02 -0.109106D-02 -0.392721D-03 -0.292855D-02 -0.712424D-03
     42  0.240385D-02 -0.118399D-02 -0.558789D-03 -0.366852D-02 -0.194024D-02
               21            22            23            24            25 
     21  0.412365D-01
     22  0.296155D-01  0.443930D-01
     23 -0.126039D-01  0.403937D-02  0.769994D-01
     24 -0.711548D-02  0.100724D-02  0.777130D-01  0.310115D+00
     25 -0.142774D-01 -0.703185D-03 -0.329637D-03  0.804267D-03  0.576854D+00
     26  0.705432D-02 -0.125094D-02  0.797049D-02 -0.508939D-02  0.157341D-01
     27  0.547189D-03 -0.457552D-02  0.270721D-01 -0.171837D-01 -0.194638D-02
     28 -0.103227D-02  0.122424D-03  0.165872D-03 -0.351055D-03 -0.256068D+00
     29  0.281961D-02 -0.376632D-03  0.747916D-03 -0.759577D-04  0.103629D+00
     30 -0.104662D-02 -0.319411D-03 -0.684871D-03  0.517540D-03  0.366567D-01
     31  0.191570D-03  0.838360D-04 -0.396969D-03  0.393648D-03 -0.191857D+00
     32 -0.577772D-03  0.133992D-04  0.100701D-02  0.114066D-03 -0.132055D+00
     33  0.634542D-03  0.539887D-03 -0.699002D-03  0.464738D-03 -0.355964D-01
     34 -0.394458D-03  0.571388D-03  0.840608D-03 -0.643504D-03 -0.479743D-01
     35 -0.459568D-03  0.496363D-03 -0.431000D-02  0.351123D-02  0.502210D-02
     36  0.460904D-03 -0.810108D-03  0.384961D-02 -0.891111D-03  0.152470D-01
     37 -0.115318D-01  0.428749D-02 -0.166230D-02  0.124623D-02  0.310441D-02
     38  0.515057D-02 -0.250086D-02  0.933288D-03 -0.617960D-03 -0.182803D-02
     39  0.462303D-02 -0.262276D-02  0.998379D-03 -0.110171D-03 -0.241240D-02
     40  0.448529D-02 -0.976702D-03  0.210045D-03 -0.346498D-03 -0.528636D-03
     41 -0.292656D-02 -0.648198D-03  0.178173D-03  0.392082D-03 -0.328993D-03
     42 -0.153480D-02 -0.444971D-03  0.328494D-03  0.120614D-03 -0.626023D-03
               26            27            28            29            30 
     26  0.522631D+00
     27  0.429618D-01  0.542903D+00
     28  0.103488D+00  0.374728D-01  0.277104D+00
     29 -0.976424D-01 -0.189859D-01 -0.114921D+00  0.105789D+00
     30 -0.191851D-01 -0.535829D-01 -0.395158D-01  0.175398D-01  0.556376D-01
     31 -0.133905D+00 -0.348443D-01 -0.192128D-01 -0.193266D-01 -0.568425D-02
     32 -0.167678D+00 -0.324959D-01  0.106796D-01  0.109191D-01  0.332707D-02
     33 -0.336462D-01 -0.553304D-01  0.413091D-02  0.420924D-02 -0.187012D-03
     34  0.431581D-02  0.155544D-01 -0.875482D-03  0.763037D-02  0.282670D-01
     35 -0.687412D-01 -0.739367D-01 -0.609494D-03 -0.489530D-02 -0.130686D-01
     36 -0.728071D-01 -0.292316D+00  0.600076D-04 -0.105978D-02 -0.366644D-02
     37 -0.191644D-02 -0.438922D-03 -0.296252D-03 -0.181710D-03  0.878184D-03
     38  0.152640D-02  0.244713D-03  0.285274D-03  0.106029D-03 -0.760783D-03
     39  0.118304D-02 -0.552718D-04  0.205751D-03  0.153630D-03 -0.174138D-03
     40  0.173402D-03  0.138887D-03  0.448290D-04 -0.264900D-05 -0.141972D-03
     41 -0.487830D-03 -0.273348D-03 -0.145025D-03  0.246711D-03  0.185112D-03
     42  0.204277D-03  0.735794D-03 -0.457295D-04  0.200513D-03 -0.400373D-03
               31            32            33            34            35 
     31  0.204195D+00
     32  0.144587D+00  0.182780D+00
     33  0.390937D-01  0.324629D-01  0.580830D-01
     34  0.175488D-02 -0.586695D-02 -0.235013D-01  0.480816D-01
     35  0.284403D-02 -0.627704D-02 -0.203150D-01 -0.494090D-02  0.738092D-01
     36  0.335467D-03 -0.130869D-02 -0.444296D-02 -0.152908D-01  0.776559D-01
     37  0.354951D-04  0.169224D-03 -0.418870D-04  0.344288D-04 -0.157921D-03
     38 -0.214112D-03  0.335547D-03  0.110466D-03 -0.455802D-03  0.205976D-03
     39  0.413337D-04 -0.106313D-03 -0.557463D-04  0.324274D-03 -0.871369D-04
     40 -0.226716D-04 -0.192412D-03 -0.522602D-04  0.164386D-03  0.863847D-04
     41  0.239706D-04  0.339066D-04  0.368992D-04  0.378382D-03 -0.341481D-03
     42  0.746162D-04  0.779774D-04 -0.595818D-04 -0.184945D-03  0.134914D-03
               36            37            38            39            40 
     36  0.319285D+00
     37  0.558020D-03  0.244574D+00
     38 -0.559060D-03  0.160275D+00  0.115608D+00
     39  0.287843D-03  0.195236D+00  0.138979D+00  0.165097D+00
     40 -0.253375D-03 -0.238692D+00 -0.163277D+00 -0.197116D+00  0.237640D+00
     41  0.437505D-03 -0.155367D+00 -0.117477D+00 -0.138989D+00  0.157963D+00
     42 -0.305260D-03 -0.188455D+00 -0.139682D+00 -0.167642D+00  0.191239D+00
               41            42 
     41  0.119680D+00
     42  0.141383D+00  0.170135D+00
