 Hessian
                1             2             3             4             5 
      1  0.541201D+00
      2  0.166730D+00  0.539039D+00
      3  0.315749D+00 -0.145848D+00  0.540164D+00
      4 -0.535907D-01  0.186854D-01 -0.308521D-01  0.473780D-01
      5  0.216699D-01 -0.207981D+00  0.146788D+00 -0.209354D-01  0.214196D+00
      6 -0.322658D-01  0.143395D+00 -0.173904D+00  0.389828D-01 -0.160200D+00
      7 -0.157463D+00 -0.145166D+00 -0.161472D-01  0.513514D-02  0.407386D-02
      8 -0.148374D+00 -0.232812D+00 -0.429793D-02 -0.127443D-01 -0.112408D-01
      9 -0.134443D-01 -0.103946D-02 -0.482469D-01  0.116378D-01  0.144714D-01
     10 -0.311446D+00 -0.314745D-01 -0.240164D+00  0.292912D-02 -0.656460D-03
     11 -0.244289D-01 -0.101230D+00  0.122371D-01  0.178152D-01  0.529219D-02
     12 -0.247324D+00  0.532955D-02 -0.310207D+00 -0.161545D-01 -0.269578D-03
     13  0.145496D-02  0.173948D-01 -0.185331D-01  0.191640D-02 -0.367780D-02
     14 -0.261235D-02  0.500079D-02 -0.140175D-02 -0.381501D-02  0.332604D-02
     15 -0.316274D-02  0.197437D-01 -0.110613D-01 -0.711943D-02  0.223568D-02
     16 -0.209496D-01 -0.182602D-01 -0.176960D-01 -0.220067D-02  0.106432D-02
     17 -0.877218D-02  0.170450D-02 -0.564948D-02  0.251657D-02 -0.162564D-02
     18 -0.189257D-01 -0.184588D-01  0.318489D-02  0.317357D-02 -0.209015D-02
     19  0.308045D-02 -0.365267D-02  0.713563D-02 -0.729787D-03  0.974169D-03
     20 -0.311277D-02 -0.882537D-03 -0.529860D-02 -0.175234D-03 -0.151135D-03
     21 -0.156432D-02  0.361013D-03 -0.324658D-02 -0.117458D-03 -0.138650D-04
     22 -0.440038D-03 -0.338558D-02  0.188040D-02  0.691351D-03 -0.155885D-03
     23 -0.274569D-02 -0.293719D-02  0.173039D-03  0.274842D-03 -0.261273D-03
     24  0.887870D-03 -0.976896D-03  0.102277D-02  0.367039D-03  0.270747D-04
     25 -0.142548D-02 -0.128681D-02  0.587451D-03 -0.352720D-03 -0.137235D-02
     26  0.102630D-02  0.302565D-03  0.505928D-03 -0.611771D-03 -0.715320D-03
     27 -0.305289D-03 -0.207493D-02 -0.514957D-03 -0.454084D-03 -0.303613D-03
     28  0.206793D-03  0.326061D-04  0.263355D-04 -0.187607D-04 -0.292845D-03
     29 -0.226041D-03 -0.290861D-04  0.399148D-04 -0.150999D-03 -0.620167D-03
     30  0.503136D-03 -0.178927D-03  0.775865D-03  0.317499D-04 -0.847271D-04
     31  0.529798D-04  0.611991D-04 -0.252018D-03 -0.201182D-04 -0.205284D-05
     32  0.314963D-03  0.236761D-03  0.351008D-03  0.257625D-03  0.195256D-03
     33 -0.685361D-03  0.409581D-04 -0.527141D-03  0.331696D-03 -0.435629D-03
     34  0.290239D-03 -0.256964D-03  0.733818D-03 -0.113111D-02 -0.605504D-03
     35 -0.672346D-03  0.393482D-04 -0.665392D-03 -0.103516D-02 -0.535935D-03
     36 -0.357058D-03  0.187509D-03  0.136685D-04  0.257813D-03 -0.321513D-03
     37 -0.874365D-03  0.105994D-02 -0.135308D-02  0.736852D-04 -0.210788D-03
     38  0.127069D-02 -0.612990D-04  0.243676D-02 -0.168125D-03  0.124212D-03
     39  0.888128D-03 -0.431234D-03  0.212693D-02  0.808974D-04  0.701279D-04
     40 -0.966967D-04 -0.481430D-03 -0.111522D-02 -0.797613D-04  0.126880D-03
     41 -0.684052D-04 -0.389028D-03  0.629512D-03  0.863622D-04 -0.193860D-05
     42  0.623167D-05 -0.487730D-04  0.419294D-03 -0.165796D-03  0.126111D-03
                6             7             8             9            10 
      6  0.180171D+00
      7 -0.760743D-03  0.161757D+00
      8 -0.243910D-02  0.160227D+00  0.238225D+00
      9  0.388875D-02  0.211329D-01  0.378974D-02  0.424815D-01
     10 -0.357438D-02 -0.997461D-02  0.110727D-02 -0.166282D-01  0.523689D+00
     11  0.180741D-01 -0.194841D-01  0.299327D-02 -0.186284D-01  0.107670D+00
     12 -0.106692D-01  0.183286D-03  0.219092D-02  0.200482D-02  0.301591D+00
     13 -0.723417D-02 -0.269485D-02  0.250808D-02  0.352995D-02 -0.522380D-01
     14  0.234958D-02  0.270569D-02 -0.851923D-03 -0.254294D-02  0.140916D-01
     15  0.249163D-02  0.336822D-02 -0.273939D-02 -0.238307D-02 -0.215213D-01
     16  0.372943D-02  0.372612D-02 -0.200076D-02 -0.530865D-02 -0.117056D+00
     17 -0.598178D-03 -0.189664D-02  0.301594D-02  0.404167D-02 -0.821958D-01
     18 -0.256176D-02 -0.773970D-02  0.391509D-02  0.217551D-02 -0.178960D-01
     19  0.106177D-02  0.995060D-03 -0.131708D-02 -0.205656D-02 -0.409954D-01
     20  0.700038D-04  0.312663D-03 -0.189288D-03 -0.295518D-03 -0.390961D-02
     21 -0.539878D-04 -0.109912D-03  0.399329D-04  0.168911D-03  0.549905D-02
     22 -0.492297D-03 -0.170666D-02  0.588882D-03  0.443748D-03 -0.632575D-02
     23 -0.341902D-03 -0.134085D-02  0.751839D-03  0.308173D-03  0.170015D-03
     24 -0.977529D-04 -0.157008D-03  0.513504D-04 -0.684000D-05 -0.117469D-02
     25  0.134007D-03  0.512533D-04 -0.121522D-03  0.441033D-03  0.426274D-02
     26  0.210786D-03  0.522594D-03  0.526384D-04  0.508592D-03  0.741339D-03
     27  0.200183D-03 -0.111432D-03  0.229238D-04 -0.180682D-03  0.429259D-02
     28 -0.301527D-04  0.944456D-04 -0.274615D-04  0.101820D-03  0.186306D-03
     29 -0.728982D-03 -0.734921D-04  0.216692D-03 -0.179755D-03  0.854247D-03
     30 -0.269320D-03 -0.696724D-04  0.106551D-03 -0.113258D-03 -0.337218D-03
     31  0.447727D-03  0.108891D-03 -0.162049D-03  0.883568D-04  0.262809D-03
     32 -0.229093D-03 -0.119319D-03  0.627104D-04 -0.419386D-04  0.222456D-02
     33  0.219909D-03  0.933695D-04 -0.169962D-03  0.269458D-03 -0.162549D-02
     34  0.142460D-03  0.185481D-04  0.167706D-03 -0.204133D-03 -0.212241D-03
     35  0.314193D-03  0.702234D-04  0.123723D-04  0.447213D-05  0.504055D-03
     36  0.415200D-03  0.144834D-03 -0.244575D-03  0.310327D-03 -0.827966D-03
     37 -0.203278D-03 -0.204777D-04  0.171925D-03  0.261089D-03  0.584499D-02
     38 -0.757264D-05  0.192723D-03 -0.114775D-03 -0.266831D-03 -0.760397D-02
     39  0.184470D-03  0.143138D-03 -0.183511D-03 -0.250845D-03 -0.649220D-02
     40  0.625800D-04 -0.267889D-04 -0.238742D-04  0.525153D-05  0.107291D-02
     41  0.131129D-03 -0.239426D-04 -0.121013D-03 -0.129206D-03 -0.152291D-02
     42 -0.156467D-04  0.299068D-04 -0.420567D-04 -0.117621D-03 -0.114125D-02
               11            12            13            14            15 
     11  0.492935D+00
     12 -0.148348D+00  0.573842D+00
     13  0.130572D-01 -0.194041D-01  0.484485D-01
     14 -0.211960D+00  0.141002D+00 -0.100012D-01  0.220027D+00
     15  0.138274D+00 -0.168108D+00  0.296772D-01 -0.153866D+00  0.172799D+00
     16 -0.683723D-01 -0.512345D-02  0.421087D-02  0.446799D-02 -0.501817D-03
     17 -0.168092D+00 -0.135839D-02 -0.171589D-01 -0.145851D-01 -0.337597D-02
     18 -0.316082D-02 -0.893261D-01  0.140385D-01  0.150777D-01  0.428763D-02
     19  0.385816D-04 -0.603749D-02  0.623132D-03 -0.150942D-02 -0.174404D-03
     20  0.982208D-02  0.840888D-02  0.671618D-03  0.636026D-03  0.179279D-03
     21  0.199328D-02  0.358571D-02  0.293189D-03  0.778232D-03  0.957803D-04
     22 -0.924320D-02 -0.265184D-01  0.252003D-03  0.464058D-03  0.968319D-03
     23 -0.388595D-02 -0.222947D-01  0.258499D-03  0.411830D-03  0.414194D-03
     24 -0.759516D-03 -0.152645D-02 -0.653832D-03 -0.312551D-03  0.600610D-03
     25 -0.197331D-01  0.155561D-01 -0.252565D-02 -0.452379D-02 -0.126993D-02
     26 -0.238877D-01  0.142788D-01 -0.227456D-02 -0.100525D-02 -0.618334D-03
     27 -0.995307D-04  0.516148D-02 -0.231492D-02 -0.156489D-02  0.126619D-02
     28 -0.938007D-03 -0.190833D-03  0.701536D-04  0.194887D-03  0.285942D-04
     29  0.123934D-02  0.933992D-04 -0.246422D-03  0.293858D-03  0.195087D-03
     30 -0.700926D-03  0.227146D-03  0.189293D-04 -0.268086D-03 -0.230362D-03
     31  0.101150D-02 -0.959739D-03  0.323095D-03  0.185393D-03 -0.142500D-03
     32 -0.266378D-02  0.436907D-02 -0.106698D-02 -0.101239D-02 -0.146427D-03
     33  0.326014D-02 -0.260736D-02  0.617064D-03  0.101126D-02  0.296186D-03
     34 -0.987456D-04  0.358480D-03 -0.571444D-04 -0.427649D-05 -0.136246D-03
     35  0.842886D-03 -0.616027D-04  0.340850D-03  0.236277D-04 -0.296947D-03
     36 -0.852991D-03  0.355692D-03  0.285160D-04  0.116930D-03  0.132658D-03
     37  0.301982D-02  0.360597D-02  0.335246D-03  0.461162D-03 -0.192652D-03
     38 -0.208122D-02 -0.255221D-02  0.393368D-03 -0.601843D-04 -0.349265D-03
     39 -0.146284D-02 -0.239672D-02 -0.412996D-03 -0.456077D-03  0.170469D-03
     40 -0.314010D-03  0.417369D-03 -0.118649D-03 -0.104737D-03  0.178684D-03
     41  0.675468D-03 -0.788492D-03 -0.198474D-03 -0.243953D-03  0.351049D-03
     42  0.174367D-03 -0.336127D-03  0.349745D-03  0.770204D-04 -0.357774D-03
               16            17            18            19            20 
     16  0.346151D+00
     17  0.554563D-01  0.482142D+00
     18  0.416450D-01  0.221344D-02  0.556981D+00
     19 -0.496249D-01  0.193524D-01  0.140739D-01  0.612884D-01
     20 -0.181422D-01 -0.352329D-01 -0.250173D-02  0.175099D-01  0.325337D-01
     21 -0.267081D-01  0.707557D-02 -0.303231D-01  0.296312D-01 -0.177711D-01
     22 -0.294556D-01 -0.919027D-02 -0.177186D-01 -0.119851D-01  0.151066D-01
     23 -0.136095D-01 -0.671692D-01 -0.683458D-01  0.553179D-02 -0.650394D-02
     24 -0.229844D-01 -0.652458D-01 -0.292324D+00  0.287144D-03 -0.270709D-02
     25 -0.671139D-01  0.794477D-02 -0.163182D-01 -0.148285D-01  0.259848D-01
     26  0.542394D-02 -0.158977D+00  0.641482D-01  0.802624D-02 -0.145634D-01
     27 -0.155170D-01  0.627161D-01 -0.130182D+00  0.251355D-02 -0.366853D-02
     28 -0.359516D-02  0.269863D-02 -0.983762D-03  0.184065D-02 -0.315165D-03
     29  0.217530D-01 -0.130700D-01 -0.383984D-02  0.128936D-02 -0.358134D-02
     30 -0.168298D-01  0.877692D-02  0.219423D-02 -0.280593D-02  0.434459D-02
     31  0.357791D-02  0.569864D-02  0.134320D-02  0.814049D-03 -0.204688D-03
     32 -0.189603D-01 -0.183102D-01 -0.584981D-02 -0.391578D-03  0.373047D-04
     33  0.165032D-01  0.144497D-01  0.346177D-02  0.180967D-03 -0.485824D-03
     34 -0.109157D-02 -0.232334D-03 -0.566984D-02  0.659878D-04 -0.383290D-03
     35 -0.111964D-02  0.880848D-02  0.276293D-01 -0.200357D-03  0.844461D-03
     36  0.983594D-03 -0.500744D-02 -0.197080D-01 -0.573446D-03  0.318714D-03
     37 -0.720891D-01  0.250957D-01  0.867216D-02  0.514292D-01 -0.406724D-01
     38  0.485875D-01 -0.168603D-01 -0.798763D-02 -0.392464D-01  0.178850D-01
     39  0.434245D-01 -0.162085D-01 -0.668034D-02 -0.359250D-01  0.211921D-01
     40  0.551055D-02  0.683100D-03  0.230548D-02 -0.197333D-02  0.732967D-02
     41  0.371195D-02 -0.174888D-02 -0.749139D-03 -0.640498D-02 -0.654036D-03
     42  0.438346D-02 -0.182967D-02 -0.118048D-02 -0.731127D-02 -0.178512D-02
               21            22            23            24            25 
     21  0.293298D-01
     22  0.271028D-01  0.428211D-01
     23 -0.124145D-01  0.117157D-01  0.724884D-01
     24 -0.803671D-02  0.235926D-01  0.712623D-01  0.315393D+00
     25 -0.753674D-02 -0.475294D-03  0.153662D-02 -0.207013D-03  0.571020D+00
     26  0.460355D-02 -0.129665D-02  0.793822D-02 -0.489247D-02  0.213488D-01
     27 -0.212394D-03 -0.467856D-02  0.267485D-01 -0.156106D-01 -0.205679D-02
     28 -0.129963D-02  0.110146D-03  0.231135D-03 -0.294049D-03 -0.253812D+00
     29  0.200536D-02 -0.336452D-03  0.515910D-03  0.485558D-04  0.103044D+00
     30 -0.675448D-05 -0.336461D-04 -0.629972D-03  0.296905D-03  0.381693D-01
     31  0.422820D-04  0.147568D-03 -0.403278D-03  0.374810D-03 -0.192603D+00
     32 -0.390420D-03  0.179775D-03  0.104863D-02  0.984254D-04 -0.132680D+00
     33  0.375197D-03  0.534718D-03 -0.714453D-03  0.508469D-03 -0.357062D-01
     34 -0.503041D-03  0.613323D-03  0.977123D-03 -0.740842D-03 -0.472143D-01
     35 -0.369095D-04  0.492250D-03 -0.436074D-02  0.331309D-02  0.374729D-02
     36  0.366975D-03 -0.557593D-03  0.370575D-02 -0.739427D-03  0.130558D-01
     37 -0.319821D-01  0.703325D-02 -0.296284D-02  0.105649D-02  0.573002D-02
     38  0.174119D-01 -0.417148D-02  0.169016D-02 -0.315977D-03 -0.346807D-02
     39  0.942426D-02 -0.395918D-02  0.172236D-02  0.370369D-03 -0.391953D-02
     40  0.725276D-02 -0.128036D-02  0.366425D-03 -0.354176D-03 -0.713615D-03
     41 -0.364199D-02 -0.767787D-03  0.273349D-03  0.409429D-03 -0.421136D-03
     42 -0.146703D-02 -0.564361D-03  0.406937D-03  0.149531D-03 -0.929388D-03
               26            27            28            29            30 
     26  0.520474D+00
     27  0.438964D-01  0.543074D+00
     28  0.101878D+00  0.402910D-01  0.275241D+00
     29 -0.960690D-01 -0.203168D-01 -0.113679D+00  0.104467D+00
     30 -0.196426D-01 -0.537271D-01 -0.423516D-01  0.189035D-01  0.556568D-01
     31 -0.134638D+00 -0.348278D-01 -0.191850D-01 -0.192052D-01 -0.563828D-02
     32 -0.167705D+00 -0.323480D-01  0.106331D-01  0.108094D-01  0.323583D-02
     33 -0.334579D-01 -0.556155D-01  0.439493D-02  0.440191D-02 -0.761101D-04
     34  0.294427D-02  0.138451D-01 -0.724307D-03  0.739009D-02  0.282491D-01
     35 -0.679700D-01 -0.731776D-01 -0.666058D-03 -0.468403D-02 -0.129843D-01
     36 -0.717683D-01 -0.294758D+00  0.419267D-05 -0.113959D-02 -0.393888D-02
     37 -0.333973D-02 -0.906242D-03 -0.474440D-03 -0.422464D-03  0.129080D-02
     38  0.255609D-02  0.375570D-03  0.370408D-03  0.281043D-03 -0.101836D-02
     39  0.186567D-02  0.341494D-03  0.325365D-03  0.281696D-03 -0.360138D-03
     40  0.249582D-03  0.230010D-03  0.595272D-04  0.904307D-05 -0.196870D-03
     41 -0.430681D-03 -0.205561D-03 -0.120002D-03  0.230736D-03  0.140600D-03
     42  0.361667D-03  0.757393D-03 -0.221863D-04  0.235580D-03 -0.429079D-03
               31            32            33            34            35 
     31  0.205012D+00
     32  0.145121D+00  0.182906D+00
     33  0.390526D-01  0.322523D-01  0.580588D-01
     34  0.156089D-02 -0.562962D-02 -0.235412D-01  0.476677D-01
     35  0.272300D-02 -0.604174D-02 -0.203433D-01 -0.408997D-02  0.731408D-01
     36  0.312481D-03 -0.123142D-02 -0.427499D-02 -0.127392D-01  0.763768D-01
     37 -0.449052D-04  0.305502D-03 -0.110407D-03  0.642843D-04 -0.169539D-03
     38 -0.199708D-03  0.359298D-03  0.151630D-03 -0.539884D-03  0.239411D-03
     39  0.847228D-04 -0.161046D-03 -0.351670D-04  0.396606D-03 -0.191124D-03
     40 -0.738168D-05 -0.189048D-03 -0.398348D-04  0.149630D-03  0.753992D-04
     41  0.141924D-04  0.775773D-04  0.391933D-04  0.361399D-03 -0.358980D-03
     42  0.742312D-04  0.915259D-04 -0.534598D-04 -0.191059D-03  0.119443D-03
               36            37            38            39            40 
     36  0.321690D+00
     37  0.551254D-03  0.223427D+00
     38 -0.523858D-03  0.168192D+00  0.127827D+00
     39  0.387648D-03  0.200785D+00  0.147684D+00  0.180037D+00
     40 -0.283281D-03 -0.220435D+00 -0.163609D+00 -0.195419D+00  0.217939D+00
     41  0.384003D-03 -0.150529D+00 -0.131784D+00 -0.153721D+00  0.155882D+00
     42 -0.252958D-03 -0.181475D+00 -0.155038D+00 -0.183319D+00  0.186956D+00
               41            42 
     41  0.134475D+00
     42  0.157151D+00  0.186203D+00
