 Hessian
                1             2             3             4             5 
      1  0.542231D+00
      2  0.166586D+00  0.539850D+00
      3  0.320054D+00 -0.144318D+00  0.542919D+00
      4 -0.534095D-01  0.189463D-01 -0.308809D-01  0.475016D-01
      5  0.218108D-01 -0.208101D+00  0.146392D+00 -0.213434D-01  0.214554D+00
      6 -0.325554D-01  0.143046D+00 -0.173120D+00  0.390837D-01 -0.159816D+00
      7 -0.156287D+00 -0.144804D+00 -0.165398D-01  0.501170D-02  0.415264D-02
      8 -0.147903D+00 -0.233153D+00 -0.495491D-02 -0.126830D-01 -0.114332D-01
      9 -0.139212D-01 -0.150362D-02 -0.481816D-01  0.116233D-01  0.143855D-01
     10 -0.316047D+00 -0.317457D-01 -0.246322D+00  0.280366D-02 -0.605000D-03
     11 -0.269288D-01 -0.102126D+00  0.923510D-02  0.177393D-01  0.537740D-02
     12 -0.251352D+00  0.428692D-02 -0.314276D+00 -0.161627D-01 -0.119397D-03
     13  0.154658D-02  0.174939D-01 -0.185133D-01  0.198781D-02 -0.369529D-02
     14 -0.277799D-02  0.484910D-02 -0.138029D-02 -0.380863D-02  0.333148D-02
     15 -0.329131D-02  0.198344D-01 -0.111071D-01 -0.721117D-02  0.226026D-02
     16 -0.167572D-01 -0.187273D-01 -0.123001D-01 -0.240161D-02  0.132009D-02
     17 -0.757820D-02  0.289207D-02 -0.455075D-02  0.267914D-02 -0.190206D-02
     18 -0.190345D-01 -0.177119D-01  0.218081D-02  0.320699D-02 -0.221165D-02
     19  0.926915D-03 -0.369416D-02  0.354854D-02 -0.628205D-03  0.824015D-03
     20 -0.168791D-02 -0.171326D-02 -0.228702D-02 -0.436110D-03  0.112832D-03
     21 -0.386565D-03 -0.904720D-04 -0.906013D-03 -0.218238D-03  0.187384D-03
     22 -0.103488D-02 -0.305633D-02  0.139052D-02  0.748188D-03 -0.236929D-03
     23 -0.216398D-02 -0.274930D-02  0.586015D-03  0.340018D-03 -0.304622D-03
     24  0.946649D-03 -0.108367D-02  0.123548D-02  0.423191D-03  0.547279D-05
     25 -0.121700D-02 -0.135826D-02  0.624886D-03 -0.468932D-03 -0.134241D-02
     26  0.995718D-03  0.464257D-03  0.274094D-03 -0.533432D-03 -0.743592D-03
     27 -0.204927D-03 -0.214034D-02 -0.197901D-03 -0.411569D-03 -0.392558D-03
     28  0.118098D-03  0.128487D-03 -0.154309D-03  0.284365D-04 -0.334887D-03
     29 -0.307886D-03  0.486706D-05  0.573217D-05 -0.120629D-03 -0.646563D-03
     30  0.533261D-03 -0.179209D-03  0.752477D-03  0.132906D-04 -0.706168D-04
     31  0.422049D-04  0.693670D-04 -0.282250D-03 -0.134074D-04  0.000000D+00
     32  0.333070D-03  0.218240D-03  0.389181D-03  0.255943D-03  0.199636D-03
     33 -0.642516D-03  0.517082D-04 -0.448908D-03  0.336927D-03 -0.454904D-03
     34  0.226979D-03 -0.218790D-03  0.612322D-03 -0.111977D-02 -0.548248D-03
     35 -0.696145D-03  0.430592D-04 -0.728869D-03 -0.102140D-02 -0.494982D-03
     36 -0.343031D-03  0.243834D-03  0.386112D-04  0.264717D-03 -0.308525D-03
     37 -0.160034D-03  0.851226D-03  0.598939D-04  0.348421D-04 -0.125013D-03
     38  0.584833D-03 -0.273487D-04  0.108206D-02 -0.116465D-03  0.603734D-04
     39  0.351037D-03 -0.370151D-03  0.105858D-02  0.982069D-04  0.201313D-04
     40 -0.179335D-03 -0.470111D-03 -0.129701D-02 -0.748372D-04  0.123974D-03
     41 -0.266049D-03 -0.452463D-03  0.256029D-03  0.102357D-03 -0.953595D-05
     42 -0.152727D-03 -0.657487D-04  0.529400D-04 -0.165733D-03  0.123367D-03
                6             7             8             9            10 
      6  0.179542D+00
      7 -0.629887D-03  0.160774D+00
      8 -0.255787D-02  0.159785D+00  0.238891D+00
      9  0.378171D-02  0.215624D-01  0.457087D-02  0.426367D-01
     10 -0.356557D-02 -0.103250D-01  0.128209D-02 -0.162465D-01  0.532729D+00
     11  0.182367D-01 -0.196216D-01  0.279737D-02 -0.190306D-01  0.109514D+00
     12 -0.106866D-01 -0.594753D-04  0.221728D-02  0.178821D-02  0.309018D+00
     13 -0.733416D-02 -0.275443D-02  0.253741D-02  0.360891D-02 -0.523965D-01
     14  0.240415D-02  0.274179D-02 -0.826339D-03 -0.257217D-02  0.146159D-01
     15  0.250233D-02  0.339958D-02 -0.277061D-02 -0.244327D-02 -0.213387D-01
     16  0.400902D-02  0.424742D-02 -0.248685D-02 -0.591031D-02 -0.130258D+00
     17 -0.824649D-03 -0.189894D-02  0.328014D-02  0.456007D-02 -0.770067D-01
     18 -0.257993D-02 -0.762008D-02  0.406262D-02  0.252091D-02 -0.143821D-01
     19  0.897355D-03  0.713667D-03 -0.108665D-02 -0.181493D-02 -0.300431D-01
     20  0.316553D-03  0.641994D-03 -0.572590D-03 -0.973885D-03 -0.166616D-01
     21  0.150689D-03  0.628162D-04 -0.220989D-03 -0.207193D-03 -0.280782D-02
     22 -0.586200D-03 -0.172700D-02  0.639612D-03  0.530075D-03 -0.386946D-02
     23 -0.389344D-03 -0.140227D-02  0.808674D-03  0.483295D-03  0.589748D-03
     24 -0.160016D-03 -0.265700D-03  0.537071D-04  0.134502D-04 -0.201228D-02
     25  0.169857D-03  0.133800D-03 -0.122503D-03  0.395687D-03  0.395856D-02
     26  0.155740D-03  0.498046D-03  0.648945D-04  0.543228D-03  0.544363D-03
     27  0.107091D-03 -0.170222D-03  0.442673D-04 -0.137898D-03  0.391123D-02
     28 -0.472062D-04  0.647833D-04 -0.166127D-04  0.142781D-03  0.424100D-03
     29 -0.752049D-03 -0.104687D-03  0.226342D-03 -0.164665D-03  0.104509D-02
     30 -0.242624D-03 -0.516140D-04  0.104932D-03 -0.112449D-03 -0.198587D-03
     31  0.455455D-03  0.105022D-03 -0.167848D-03  0.927822D-04  0.337761D-03
     32 -0.220135D-03 -0.111864D-03  0.549354D-04 -0.448983D-04  0.214946D-02
     33  0.208727D-03  0.873452D-04 -0.165183D-03  0.279865D-03 -0.170353D-02
     34  0.160521D-03  0.221669D-04  0.165585D-03 -0.204348D-03  0.337258D-04
     35  0.330781D-03  0.894080D-04  0.383241D-05 -0.169126D-04  0.551076D-03
     36  0.405894D-03  0.162768D-03 -0.249570D-03  0.301990D-03 -0.770935D-03
     37 -0.117182D-03  0.551509D-04  0.712694D-04  0.121598D-03  0.119545D-02
     38 -0.549697D-04  0.101055D-03 -0.328505D-04 -0.139020D-03 -0.372099D-02
     39  0.120477D-03  0.624591D-04 -0.105739D-03 -0.145529D-03 -0.321610D-02
     40  0.596789D-04 -0.341293D-04 -0.146554D-04  0.196666D-04  0.145699D-02
     41  0.125029D-03 -0.665821D-04 -0.109287D-03 -0.971848D-04 -0.551807D-03
     42 -0.299215D-04  0.000000D+00 -0.288124D-04 -0.948368D-04 -0.365482D-03
               11            12            13            14            15 
     11  0.494694D+00
     12 -0.142067D+00  0.577445D+00
     13  0.124909D-01 -0.193855D-01  0.481799D-01
     14 -0.211631D+00  0.140317D+00 -0.102360D-01  0.219989D+00
     15  0.137812D+00 -0.166862D+00  0.297585D-01 -0.153201D+00  0.171707D+00
     16 -0.694699D-01 -0.109659D-01  0.453382D-02  0.403400D-02 -0.661321D-03
     17 -0.168137D+00 -0.421330D-02 -0.164987D-01 -0.145277D-01 -0.383907D-02
     18 -0.348395D-02 -0.866230D-01  0.138300D-01  0.153600D-01  0.437728D-02
     19  0.340565D-02 -0.296172D-02  0.486093D-03 -0.122539D-02 -0.721654D-04
     20  0.976822D-02  0.505644D-02  0.993442D-03  0.477409D-03  0.149932D-03
     21  0.944893D-03  0.924219D-03  0.353479D-03  0.486425D-03  0.860861D-04
     22 -0.930636D-02 -0.258747D-01  0.399121D-03  0.484446D-03  0.867234D-03
     23 -0.612760D-02 -0.233593D-01  0.169751D-03  0.395638D-03  0.532225D-03
     24 -0.163642D-02 -0.281991D-02 -0.660350D-03 -0.334534D-03  0.583121D-03
     25 -0.195239D-01  0.156536D-01 -0.251958D-02 -0.442163D-02 -0.120236D-02
     26 -0.238478D-01  0.151727D-01 -0.234223D-02 -0.109587D-02 -0.617709D-03
     27 -0.854161D-03  0.480279D-02 -0.228814D-02 -0.176150D-02  0.112857D-02
     28 -0.733274D-03 -0.247129D-04  0.610885D-04  0.206370D-03  0.453356D-04
     29  0.124244D-02  0.888624D-04 -0.245394D-03  0.257244D-03  0.166508D-03
     30 -0.809173D-03  0.200857D-03  0.217552D-04 -0.242126D-03 -0.218589D-03
     31  0.103012D-02 -0.915012D-03  0.310135D-03  0.177944D-03 -0.138633D-03
     32 -0.272429D-02  0.434953D-02 -0.107581D-02 -0.103928D-02 -0.144596D-03
     33  0.309097D-02 -0.281512D-02  0.633003D-03  0.103140D-02  0.294683D-03
     34  0.453937D-04  0.533539D-03 -0.655790D-04  0.175609D-05 -0.134155D-03
     35  0.108664D-02  0.607705D-04  0.345713D-03  0.489542D-04 -0.280853D-03
     36 -0.994056D-03  0.410106D-03  0.270637D-04  0.120839D-03  0.132545D-03
     37  0.155036D-02  0.183105D-02  0.340681D-03  0.297299D-03 -0.189612D-03
     38 -0.116684D-02 -0.127593D-02  0.295759D-03  0.231915D-04 -0.283110D-03
     39 -0.770293D-03 -0.144348D-02 -0.411408D-03 -0.342751D-03  0.187609D-03
     40 -0.191885D-03  0.665454D-03 -0.109072D-03 -0.898920D-04  0.168834D-03
     41  0.795100D-03 -0.514659D-03 -0.233489D-03 -0.251498D-03  0.381415D-03
     42  0.325590D-03 -0.451642D-04  0.360217D-03  0.114689D-03 -0.367868D-03
               16            17            18            19            20 
     16  0.458497D+00
     17  0.962784D-02  0.498310D+00
     18  0.120329D-01  0.825094D-02  0.550733D+00
     19 -0.171881D+00  0.612541D-01  0.272321D-01  0.190625D+00
     20  0.386618D-01 -0.588437D-01 -0.903917D-02 -0.472318D-01  0.636853D-01
     21  0.121829D-02 -0.113138D-02 -0.376537D-01 -0.434979D-02  0.691025D-03
     22 -0.334842D-01 -0.272743D-02 -0.404103D-03 -0.891385D-02  0.139607D-01
     23 -0.519268D-02 -0.696704D-01 -0.733315D-01  0.408870D-02 -0.559326D-02
     24 -0.288130D-02 -0.700418D-01 -0.285300D+00  0.558902D-03 -0.244654D-02
     25 -0.735693D-01  0.110818D-01 -0.136628D-01 -0.919427D-02  0.257955D-01
     26  0.938493D-02 -0.159043D+00  0.637237D-01  0.493239D-02 -0.136515D-01
     27 -0.137128D-01  0.635209D-01 -0.131300D+00  0.145656D-02 -0.304418D-02
     28 -0.318801D-02  0.192489D-02 -0.883805D-03  0.164978D-02 -0.959377D-04
     29  0.225811D-01 -0.126942D-01 -0.415848D-02  0.711721D-03 -0.369562D-02
     30 -0.184454D-01  0.941348D-02  0.253715D-02 -0.198192D-02  0.440006D-02
     31  0.349730D-02  0.542746D-02  0.119500D-02  0.757030D-03 -0.139917D-03
     32 -0.187746D-01 -0.180511D-01 -0.582909D-02 -0.145784D-03  0.196491D-03
     33  0.166702D-01  0.148222D-01  0.338097D-02  0.390609D-04 -0.556361D-03
     34 -0.917264D-03 -0.812594D-03 -0.515090D-02  0.360727D-04 -0.506975D-03
     35 -0.190568D-02  0.889135D-02  0.272489D-01 -0.491972D-04  0.930200D-03
     36  0.146729D-02 -0.528114D-02 -0.197054D-01 -0.709697D-03  0.302370D-03
     37 -0.422261D-01  0.134503D-01  0.121582D-02  0.279930D-01 -0.180489D-01
     38  0.288570D-01 -0.938250D-02 -0.247561D-02 -0.187080D-01  0.961810D-02
     39  0.269931D-01 -0.947852D-02 -0.197470D-02 -0.180122D-01  0.937853D-02
     40  0.390734D-02  0.107693D-02  0.242541D-02 -0.252701D-02  0.475564D-02
     41  0.209024D-02 -0.112236D-02 -0.404889D-03 -0.307554D-02 -0.718618D-03
     42  0.248628D-02 -0.120696D-02 -0.593630D-03 -0.383010D-02 -0.194775D-02
               21            22            23            24            25 
     21  0.404860D-01
     22  0.295686D-01  0.442590D-01
     23 -0.126688D-01  0.467916D-02  0.766569D-01
     24 -0.728065D-02  0.287980D-02  0.772160D-01  0.310648D+00
     25 -0.138521D-01 -0.726056D-03 -0.173266D-03  0.720546D-03  0.576582D+00
     26  0.694181D-02 -0.125487D-02  0.796755D-02 -0.506655D-02  0.159836D-01
     27  0.519637D-03 -0.458062D-02  0.270660D-01 -0.170558D-01 -0.193411D-02
     28 -0.105602D-02  0.118176D-03  0.169889D-03 -0.346707D-03 -0.255904D+00
     29  0.277153D-02 -0.370894D-03  0.731964D-03 -0.666239D-04  0.103578D+00
     30 -0.966471D-03 -0.308809D-03 -0.680913D-03  0.503868D-03  0.368836D-01
     31  0.181309D-03  0.920101D-04 -0.397821D-03  0.393030D-03 -0.191963D+00
     32 -0.571235D-03  0.218985D-04  0.101256D-02  0.114708D-03 -0.132080D+00
     33  0.617893D-03  0.540338D-03 -0.698467D-03  0.466667D-03 -0.355942D-01
     34 -0.401974D-03  0.574426D-03  0.853662D-03 -0.651156D-03 -0.479164D-01
     35 -0.440528D-03  0.498732D-03 -0.431866D-02  0.349609D-02  0.490710D-02
     36  0.473599D-03 -0.795542D-03  0.384257D-02 -0.874844D-03  0.150000D-01
     37 -0.129821D-01  0.456828D-02 -0.178417D-02  0.124241D-02  0.334954D-02
     38  0.607994D-02 -0.267995D-02  0.100766D-02 -0.604649D-03 -0.199269D-02
     39  0.528370D-02 -0.277947D-02  0.107087D-02 -0.832682D-04 -0.255860D-02
     40  0.467009D-02 -0.100376D-02  0.223253D-03 -0.347037D-03 -0.544762D-03
     41 -0.297963D-02 -0.651798D-03  0.182897D-03  0.394804D-03 -0.331670D-03
     42 -0.152781D-02 -0.447150D-03  0.331300D-03  0.123302D-03 -0.644125D-03
               26            27            28            29            30 
     26  0.522579D+00
     27  0.429679D-01  0.542928D+00
     28  0.103387D+00  0.377749D-01  0.276955D+00
     29 -0.975587D-01 -0.191325D-01 -0.114844D+00  0.105727D+00
     30 -0.192812D-01 -0.536593D-01 -0.398364D-01  0.177003D-01  0.556911D-01
     31 -0.133937D+00 -0.348360D-01 -0.192100D-01 -0.193129D-01 -0.568097D-02
     32 -0.167625D+00 -0.324654D-01  0.106789D-01  0.109111D-01  0.332408D-02
     33 -0.336149D-01 -0.553310D-01  0.415932D-02  0.423426D-02 -0.177276D-03
     34  0.419699D-02  0.153424D-01 -0.851749D-03  0.760308D-02  0.282676D-01
     35 -0.686374D-01 -0.738104D-01 -0.619657D-03 -0.487873D-02 -0.130661D-01
     36 -0.726562D-01 -0.292530D+00  0.555745D-04 -0.106735D-02 -0.370193D-02
     37 -0.203692D-02 -0.491813D-03 -0.312066D-03 -0.210518D-03  0.930774D-03
     38  0.161434D-02  0.270963D-03  0.293246D-03  0.126935D-03 -0.795904D-03
     39  0.124433D-02 -0.119394D-04  0.216094D-03  0.170936D-03 -0.204922D-03
     40  0.181662D-03  0.145118D-03  0.466089D-04 -0.169383D-05 -0.146610D-03
     41 -0.486733D-03 -0.268986D-03 -0.143860D-03  0.245841D-03  0.182421D-03
     42  0.213098D-03  0.736977D-03 -0.448368D-04  0.203597D-03 -0.401831D-03
               31            32            33            34            35 
     31  0.204308D+00
     32  0.144612D+00  0.182727D+00
     33  0.390820D-01  0.324279D-01  0.580709D-01
     34  0.173190D-02 -0.584503D-02 -0.235110D-01  0.480453D-01
     35  0.282624D-02 -0.625573D-02 -0.203178D-01 -0.484998D-02  0.737119D-01
     36  0.331900D-03 -0.130215D-02 -0.443321D-02 -0.150070D-01  0.774828D-01
     37  0.276884D-04  0.173312D-03 -0.455026D-04  0.363986D-04 -0.161809D-03
     38 -0.211244D-03  0.339262D-03  0.112497D-03 -0.461838D-03  0.211360D-03
     39  0.467775D-04 -0.106988D-03 -0.550700D-04  0.329248D-03 -0.917324D-04
     40 -0.218730D-04 -0.192266D-03 -0.514281D-04  0.163783D-03  0.856049D-04
     41  0.235314D-04  0.368938D-04  0.367247D-04  0.376986D-03 -0.341751D-03
     42  0.746683D-04  0.791446D-04 -0.591961D-04 -0.185213D-03  0.133831D-03
               36            37            38            39            40 
     36  0.319503D+00
     37  0.572980D-03  0.241589D+00
     38 -0.566947D-03  0.161096D+00  0.116396D+00
     39  0.281925D-03  0.195886D+00  0.139764D+00  0.166124D+00
     40 -0.256182D-03 -0.236492D+00 -0.163337D+00 -0.197005D+00  0.235412D+00
     41  0.433572D-03 -0.155122D+00 -0.118788D+00 -0.140382D+00  0.157850D+00
     42 -0.302220D-03 -0.188034D+00 -0.141113D+00 -0.169137D+00  0.190949D+00
               41            42 
     41  0.121019D+00
     42  0.142838D+00  0.171647D+00
