 Hessian
                1             2             3             4             5 
      1  0.540316D+00
      2  0.166745D+00  0.538800D+00
      3  0.314046D+00 -0.146355D+00  0.539022D+00
      4 -0.536510D-01  0.185936D-01 -0.308645D-01  0.473084D-01
      5  0.216206D-01 -0.207837D+00  0.146926D+00 -0.208098D-01  0.213952D+00
      6 -0.321982D-01  0.143545D+00 -0.174306D+00  0.389838D-01 -0.160349D+00
      7 -0.157727D+00 -0.145245D+00 -0.160088D-01  0.518710D-02  0.404590D-02
      8 -0.148514D+00 -0.232840D+00 -0.406813D-02 -0.127578D-01 -0.111693D-01
      9 -0.132957D-01 -0.883727D-03 -0.482767D-01  0.116342D-01  0.145128D-01
     10 -0.309363D+00 -0.313119D-01 -0.237497D+00  0.298039D-02 -0.681018D-03
     11 -0.233685D-01 -0.100806D+00  0.135483D-01  0.178631D-01  0.526347D-02
     12 -0.245681D+00  0.568942D-02 -0.308381D+00 -0.161556D-01 -0.311727D-03
     13  0.140871D-02  0.173665D-01 -0.185682D-01  0.188714D-02 -0.366817D-02
     14 -0.254647D-02  0.505026D-02 -0.140244D-02 -0.381446D-02  0.332224D-02
     15 -0.310398D-02  0.197181D-01 -0.110565D-01 -0.708578D-02  0.222277D-02
     16 -0.225604D-01 -0.185629D-01 -0.196990D-01 -0.218739D-02  0.104719D-02
     17 -0.934241D-02  0.138282D-02 -0.637996D-02  0.244976D-02 -0.154497D-02
     18 -0.188269D-01 -0.186755D-01  0.346579D-02  0.315152D-02 -0.205465D-02
     19  0.384961D-02 -0.318551D-02  0.811544D-02 -0.693220D-03  0.939770D-03
     20 -0.367045D-02 -0.930402D-03 -0.616845D-02 -0.121253D-03 -0.188789D-03
     21 -0.200748D-02  0.268358D-03 -0.390548D-02 -0.106707D-03 -0.393782D-04
     22 -0.196758D-03 -0.339410D-02  0.201385D-02  0.678032D-03 -0.142279D-03
     23 -0.296000D-02 -0.301801D-02  0.297422D-04  0.258338D-03 -0.248203D-03
     24  0.850850D-03 -0.955366D-03  0.970785D-03  0.355248D-03  0.317372D-04
     25 -0.152556D-02 -0.120841D-02  0.509674D-03 -0.297903D-03 -0.138065D-02
     26  0.105765D-02  0.220641D-03  0.608391D-03 -0.644963D-03 -0.699165D-03
     27 -0.339298D-03 -0.207302D-02 -0.614511D-03 -0.476399D-03 -0.275898D-03
     28  0.234989D-03 -0.373716D-05  0.944360D-04 -0.361376D-04 -0.282522D-03
     29 -0.184797D-03 -0.522342D-04  0.716774D-04 -0.166106D-03 -0.612115D-03
     30  0.485721D-03 -0.164578D-03  0.766980D-03  0.418640D-04 -0.928927D-04
     31  0.591270D-04  0.582652D-04 -0.238388D-03 -0.228147D-04 -0.146121D-05
     32  0.309698D-03  0.240557D-03  0.340131D-03  0.259554D-03  0.193405D-03
     33 -0.705763D-03  0.337076D-04 -0.559962D-03  0.329150D-03 -0.428431D-03
     34  0.320957D-03 -0.265310D-03  0.782678D-03 -0.113005D-02 -0.617662D-03
     35 -0.656053D-03  0.417465D-04 -0.634958D-03 -0.103348D-02 -0.543044D-03
     36 -0.355360D-03  0.174404D-03  0.554105D-05  0.260123D-03 -0.323741D-03
     37 -0.108892D-02  0.905184D-03 -0.165207D-02  0.614413D-04 -0.199687D-03
     38  0.150034D-02  0.103413D-03  0.274473D-02 -0.161060D-03  0.113497D-03
     39  0.106012D-02 -0.292721D-03  0.233844D-02  0.969770D-04  0.577274D-04
     40 -0.771498D-04 -0.491857D-03 -0.103377D-02 -0.840019D-04  0.129793D-03
     41  0.860654D-05 -0.355475D-03  0.739599D-03  0.846091D-04 -0.172597D-05
     42  0.714603D-04 -0.294340D-04  0.531014D-03 -0.163834D-03  0.124612D-03
                6             7             8             9            10 
      6  0.180508D+00
      7 -0.810100D-03  0.161939D+00
      8 -0.239698D-02  0.160347D+00  0.238136D+00
      9  0.393106D-02  0.209889D-01  0.351692D-02  0.424283D-01
     10 -0.358278D-02 -0.984170D-02  0.105680D-02 -0.167115D-01  0.518546D+00
     11  0.179867D-01 -0.194722D-01  0.307002D-02 -0.184610D-01  0.106198D+00
     12 -0.106649D-01  0.248680D-03  0.218246D-02  0.208515D-02  0.298702D+00
     13 -0.719272D-02 -0.267472D-02  0.249654D-02  0.349820D-02 -0.520887D-01
     14  0.232632D-02  0.269102D-02 -0.855511D-03 -0.253031D-02  0.138601D-01
     15  0.248148D-02  0.335411D-02 -0.272330D-02 -0.235652D-02 -0.215798D-01
     16  0.370871D-02  0.358977D-02 -0.192316D-02 -0.527888D-02 -0.112651D+00
     17 -0.515077D-03 -0.186981D-02  0.293976D-02  0.389123D-02 -0.828901D-01
     18 -0.253821D-02 -0.773102D-02  0.385994D-02  0.205808D-02 -0.193343D-01
     19  0.101715D-02  0.102458D-02 -0.129024D-02 -0.195057D-02 -0.427543D-01
     20  0.392770D-04  0.216387D-03 -0.114179D-03 -0.186089D-03 -0.416238D-03
     21 -0.784769D-04 -0.156373D-03  0.852768D-04  0.207998D-03  0.758588D-02
     22 -0.473205D-03 -0.170493D-02  0.589499D-03  0.455951D-03 -0.679372D-02
     23 -0.326346D-03 -0.132149D-02  0.731393D-03  0.247401D-03  0.899531D-04
     24 -0.848773D-04 -0.135601D-03  0.522669D-04 -0.119273D-04 -0.938755D-03
     25  0.112158D-03  0.177366D-04 -0.110925D-03  0.472407D-03  0.451506D-02
     26  0.234148D-03  0.540941D-03  0.379115D-04  0.483061D-03  0.657366D-03
     27  0.237831D-03 -0.896578D-04  0.107598D-04 -0.198100D-03  0.435079D-02
     28 -0.211851D-04  0.106644D-03 -0.344749D-04  0.857805D-04  0.745479D-04
     29 -0.719638D-03 -0.603406D-04  0.211237D-03 -0.189613D-03  0.722333D-03
     30 -0.280208D-03 -0.785446D-04  0.110504D-03 -0.107582D-03 -0.318702D-03
     31  0.445072D-03  0.109993D-03 -0.160171D-03  0.864059D-04  0.237522D-03
     32 -0.232790D-03 -0.122151D-03  0.653221D-04 -0.411283D-04  0.221081D-02
     33  0.225086D-03  0.954440D-04 -0.171218D-03  0.265667D-03 -0.157376D-02
     34  0.133657D-03  0.177815D-04  0.168609D-03 -0.204666D-03 -0.309854D-03
     35  0.306567D-03  0.649149D-04  0.147038D-04  0.100786D-04  0.474727D-03
     36  0.411100D-03  0.137638D-03 -0.239540D-03  0.314677D-03 -0.827732D-03
     37 -0.188198D-03 -0.256461D-04  0.162718D-03  0.225671D-03  0.659379D-02
     38 -0.283282D-04  0.199932D-03 -0.106073D-03 -0.238425D-03 -0.820288D-02
     39  0.171858D-03  0.148286D-03 -0.175771D-03 -0.221272D-03 -0.691968D-02
     40  0.658773D-04 -0.193173D-04 -0.304343D-04 -0.618775D-05  0.855553D-03
     41  0.130122D-03 -0.145438D-04 -0.120928D-03 -0.131231D-03 -0.176831D-02
     42 -0.144415D-04  0.370614D-04 -0.431962D-04 -0.118800D-03 -0.135484D-02
               11            12            13            14            15 
     11  0.492123D+00
     12 -0.150457D+00  0.572421D+00
     13  0.131569D-01 -0.193105D-01  0.485092D-01
     14 -0.212090D+00  0.141185D+00 -0.985764D-02  0.220050D+00
     15  0.138375D+00 -0.168559D+00  0.295922D-01 -0.154050D+00  0.173176D+00
     16 -0.668772D-01 -0.323639D-02  0.397795D-02  0.447205D-02 -0.340691D-03
     17 -0.167977D+00 -0.130208D-03 -0.172881D-01 -0.145378D-01 -0.326214D-02
     18 -0.320736D-02 -0.902357D-01  0.141129D-01  0.150296D-01  0.429340D-02
     19 -0.147915D-02 -0.681338D-02  0.747516D-03 -0.143719D-02 -0.281486D-03
     20  0.101000D-01  0.900089D-02  0.487320D-03  0.590194D-03  0.247214D-03
     21  0.253157D-02  0.412315D-02  0.229676D-03  0.783650D-03  0.138242D-03
     22 -0.944824D-02 -0.266087D-01  0.203359D-03  0.480453D-03  0.993795D-03
     23 -0.320642D-02 -0.220174D-01  0.286397D-03  0.409534D-03  0.391267D-03
     24 -0.564384D-03 -0.130366D-02 -0.649934D-03 -0.305679D-03  0.603120D-03
     25 -0.196722D-01  0.156013D-01 -0.247295D-02 -0.453364D-02 -0.132211D-02
     26 -0.239376D-01  0.140833D-01 -0.228527D-02 -0.992428D-03 -0.610967D-03
     27  0.885621D-04  0.534821D-02 -0.234176D-02 -0.153060D-02  0.130514D-02
     28 -0.100489D-02 -0.256607D-03  0.701818D-04  0.190303D-03  0.252105D-04
     29  0.121066D-02  0.894090D-04 -0.254242D-03  0.301503D-03  0.207803D-03
     30 -0.655893D-03  0.257990D-03  0.244762D-04 -0.270813D-03 -0.237280D-03
     31  0.100117D-02 -0.976940D-03  0.325350D-03  0.187084D-03 -0.142864D-03
     32 -0.263138D-02  0.438954D-02 -0.106088D-02 -0.100564D-02 -0.149470D-03
     33  0.331935D-02 -0.255618D-02  0.608818D-03  0.100758D-02  0.301544D-03
     34 -0.154191D-03  0.301213D-03 -0.535479D-04 -0.552379D-05 -0.137874D-03
     35  0.769074D-03 -0.106072D-03  0.344385D-03  0.172166D-04 -0.302959D-03
     36 -0.821807D-03  0.363095D-03  0.262391D-04  0.117878D-03  0.132913D-03
     37  0.358836D-02  0.385804D-02  0.280826D-03  0.425875D-03 -0.153525D-03
     38 -0.249214D-02 -0.272949D-02  0.462648D-03 -0.229501D-04 -0.401915D-03
     39 -0.178275D-02 -0.247635D-02 -0.380473D-03 -0.430592D-03  0.135877D-03
     40 -0.331291D-03  0.327988D-03 -0.120275D-03 -0.111982D-03  0.182768D-03
     41  0.603617D-03 -0.867975D-03 -0.186401D-03 -0.236474D-03  0.339100D-03
     42  0.100883D-03 -0.421790D-03  0.351057D-03  0.709100D-04 -0.358903D-03
               16            17            18            19            20 
     16  0.315185D+00
     17  0.681994D-01  0.475731D+00
     18  0.517614D-01 -0.655405D-03  0.557095D+00
     19 -0.190225D-01  0.759509D-02  0.718461D-02  0.316765D-01
     20 -0.321451D-01 -0.279514D-01  0.107367D-02  0.324450D-01  0.261205D-01
     21 -0.344680D-01  0.997381D-02 -0.265770D-01  0.379931D-01 -0.215848D-01
     22 -0.289125D-01 -0.102128D-01 -0.210111D-01 -0.119911D-01  0.146936D-01
     23 -0.152726D-01 -0.668231D-01 -0.674740D-01  0.554546D-02 -0.640382D-02
     24 -0.272711D-01 -0.643150D-01 -0.294066D+00  0.169397D-03 -0.260178D-02
     25 -0.660600D-01  0.699294D-02 -0.170280D-01 -0.151071D-01  0.249783D-01
     26  0.427762D-02 -0.158627D+00  0.644003D-01  0.838397D-02 -0.142628D-01
     27 -0.155496D-01  0.623202D-01 -0.130055D+00  0.240760D-02 -0.346357D-02
     28 -0.362337D-02  0.293797D-02 -0.107977D-02  0.183257D-02 -0.349525D-03
     29  0.216650D-01 -0.132375D-01 -0.363337D-02  0.120362D-02 -0.335032D-02
     30 -0.166873D-01  0.872000D-02  0.200205D-02 -0.264974D-02  0.406435D-02
     31  0.362558D-02  0.576055D-02  0.137621D-02  0.776580D-03 -0.179819D-03
     32 -0.189054D-01 -0.184278D-01 -0.586331D-02 -0.534560D-03  0.249545D-04
     33  0.164392D-01  0.143566D-01  0.352843D-02  0.233206D-03 -0.458703D-03
     34 -0.112670D-02 -0.543434D-04 -0.578230D-02  0.886010D-04 -0.351043D-03
     35 -0.918223D-03  0.883307D-02  0.276366D-01 -0.272220D-03  0.810995D-03
     36  0.738795D-03 -0.488072D-02 -0.196882D-01 -0.349306D-03  0.210054D-03
     37 -0.763412D-01  0.272513D-01  0.110067D-01  0.515365D-01 -0.440252D-01
     38  0.509327D-01 -0.179308D-01 -0.956670D-02 -0.406699D-01  0.165056D-01
     39  0.451184D-01 -0.171645D-01 -0.795933D-02 -0.368664D-01  0.217983D-01
     40  0.610650D-02  0.470521D-03  0.220000D-02 -0.196422D-02  0.843790D-02
     41  0.401063D-02 -0.182936D-02 -0.869807D-03 -0.724422D-02 -0.950583D-03
     42  0.476433D-02 -0.195876D-02 -0.132325D-02 -0.820959D-02 -0.197032D-02
               21            22            23            24            25 
     21  0.279277D-01
     22  0.255702D-01  0.423707D-01
     23 -0.118479D-01  0.132419D-01  0.715204D-01
     24 -0.778879D-02  0.280502D-01  0.699423D-01  0.316331D+00
     25 -0.618088D-02 -0.150360D-03  0.184106D-02 -0.433731D-03  0.569034D+00
     26  0.393195D-02 -0.134204D-02  0.793876D-02 -0.487281D-02  0.232784D-01
     27 -0.333592D-03 -0.477528D-02  0.266484D-01 -0.153000D-01 -0.217723D-02
     28 -0.131313D-02  0.115640D-03  0.251519D-03 -0.282697D-03 -0.253230D+00
     29  0.184954D-02 -0.360045D-03  0.469334D-03  0.797775D-04  0.102949D+00
     30  0.808371D-04  0.105148D-03 -0.633007D-03  0.231600D-03  0.381841D-01
     31  0.255612D-04  0.143305D-03 -0.400262D-03  0.370259D-03 -0.192610D+00
     32 -0.294122D-03  0.227578D-03  0.105330D-02  0.878342D-04 -0.132876D+00
     33  0.306147D-03  0.531732D-03 -0.723646D-03  0.523483D-03 -0.358163D-01
     34 -0.535513D-03  0.622775D-03  0.998472D-03 -0.761823D-03 -0.470235D-01
     35  0.111569D-03  0.485098D-03 -0.435536D-02  0.327351D-02  0.349969D-02
     36  0.210478D-03 -0.469402D-03  0.365365D-02 -0.726040D-03  0.128470D-01
     37 -0.349895D-01  0.698078D-02 -0.296763D-02  0.103806D-02  0.570003D-02
     38  0.182956D-01 -0.405109D-02  0.164975D-02 -0.256853D-03 -0.334289D-02
     39  0.742138D-02 -0.380970D-02  0.169256D-02  0.471431D-03 -0.380780D-02
     40  0.835320D-02 -0.136523D-02  0.408929D-03 -0.360462D-03 -0.789031D-03
     41 -0.406506D-02 -0.767584D-03  0.282516D-03  0.404435D-03 -0.415413D-03
     42 -0.173261D-02 -0.573582D-03  0.417091D-03  0.150080D-03 -0.960542D-03
               26            27            28            29            30 
     26  0.519392D+00
     27  0.442538D-01  0.543112D+00
     28  0.101427D+00  0.406877D-01  0.274794D+00
     29 -0.955649D-01 -0.205035D-01 -0.113341D+00  0.104023D+00
     30 -0.195753D-01 -0.535071D-01 -0.426786D-01  0.190380D-01  0.554826D-01
     31 -0.134851D+00 -0.348945D-01 -0.191843D-01 -0.191881D-01 -0.563448D-02
     32 -0.167818D+00 -0.324115D-01  0.106135D-01  0.107793D-01  0.320268D-02
     33 -0.335078D-01 -0.557836D-01  0.443100D-02  0.441265D-02 -0.519426D-04
     34  0.266491D-02  0.137342D-01 -0.733009D-03  0.735695D-02  0.282410D-01
     35 -0.678821D-01 -0.730980D-01 -0.658043D-03 -0.463108D-02 -0.129591D-01
     36 -0.716743D-01 -0.295232D+00 -0.869441D-05 -0.116001D-02 -0.396038D-02
     37 -0.343642D-02 -0.802324D-03 -0.482831D-03 -0.361928D-03  0.118336D-02
     38  0.261469D-02  0.236959D-03  0.367110D-03  0.234623D-03 -0.925179D-03
     39  0.185925D-02  0.271941D-03  0.332794D-03  0.225406D-03 -0.253203D-03
     40  0.272036D-03  0.265690D-03  0.609576D-04  0.190496D-04 -0.218267D-03
     41 -0.419043D-03 -0.202488D-03 -0.113531D-03  0.217955D-03  0.141115D-03
     42  0.386898D-03  0.747951D-03 -0.162252D-04  0.231859D-03 -0.424331D-03
               31            32            33            34            35 
     31  0.205036D+00
     32  0.145261D+00  0.183093D+00
     33  0.391260D-01  0.323011D-01  0.581178D-01
     34  0.154383D-02 -0.557801D-02 -0.235312D-01  0.475755D-01
     35  0.272312D-02 -0.599190D-02 -0.203474D-01 -0.397152D-02  0.730547D-01
     36  0.312471D-03 -0.121855D-02 -0.423710D-02 -0.124684D-01  0.762277D-01
     37 -0.386584D-04  0.380450D-03 -0.130944D-03  0.655152D-04 -0.156290D-03
     38 -0.218552D-03  0.340076D-03  0.165164D-03 -0.549689D-03  0.228878D-03
     39  0.736006D-04 -0.201504D-03 -0.280274D-04  0.420675D-03 -0.231489D-03
     40 -0.119859D-05 -0.185760D-03 -0.366650D-04  0.141788D-03  0.738854D-04
     41  0.868777D-05  0.847762D-04  0.410769D-04  0.358349D-03 -0.366925D-03
     42  0.715566D-04  0.911099D-04 -0.513425D-04 -0.191695D-03  0.113848D-03
               36            37            38            39            40 
     36  0.322150D+00
     37  0.447556D-03  0.225664D+00
     38 -0.443231D-03  0.167692D+00  0.132869D+00
     39  0.489034D-03  0.200051D+00  0.150612D+00  0.185373D+00
     40 -0.291015D-03 -0.218906D+00 -0.163959D+00 -0.195518D+00  0.216161D+00
     41  0.378160D-03 -0.149259D+00 -0.134108D+00 -0.155966D+00  0.155298D+00
     42 -0.233199D-03 -0.179894D+00 -0.157465D+00 -0.185735D+00  0.186069D+00
               41            42 
     41  0.137199D+00
     42  0.159929D+00  0.188984D+00
