 Hessian
                1             2             3             4             5 
      1  0.542308D+00
      2  0.166729D+00  0.539446D+00
      3  0.319250D+00 -0.144732D+00  0.542633D+00
      4 -0.534256D-01  0.188316D-01 -0.308343D-01  0.474675D-01
      5  0.217181D-01 -0.207997D+00  0.146494D+00 -0.211889D-01  0.214399D+00
      6 -0.324540D-01  0.143132D+00 -0.173356D+00  0.390084D-01 -0.159915D+00
      7 -0.156618D+00 -0.144908D+00 -0.164218D-01  0.502725D-02  0.413195D-02
      8 -0.148023D+00 -0.232965D+00 -0.476895D-02 -0.126964D-01 -0.113929D-01
      9 -0.137790D-01 -0.135215D-02 -0.481989D-01  0.116388D-01  0.144025D-01
     10 -0.315351D+00 -0.317205D-01 -0.245361D+00  0.283487D-02 -0.613903D-03
     11 -0.265007D-01 -0.101959D+00  0.974625D-02  0.177384D-01  0.536317D-02
     12 -0.250680D+00  0.449955D-02 -0.313695D+00 -0.161597D-01 -0.156505D-03
     13  0.153813D-02  0.174676D-01 -0.185115D-01  0.197410D-02 -0.369552D-02
     14 -0.274903D-02  0.487922D-02 -0.138607D-02 -0.381170D-02  0.333502D-02
     15 -0.326512D-02  0.198133D-01 -0.110979D-01 -0.719222D-02  0.225976D-02
     16 -0.175506D-01 -0.184860D-01 -0.132467D-01 -0.234679D-02  0.124794D-02
     17 -0.778455D-02  0.264052D-02 -0.466941D-02  0.265889D-02 -0.185008D-02
     18 -0.190569D-01 -0.178500D-01  0.242281D-02  0.320626D-02 -0.218857D-02
     19  0.131484D-02 -0.384382D-02  0.426516D-02 -0.673305D-03  0.884718D-03
     20 -0.191457D-02 -0.142921D-02 -0.287850D-02 -0.378226D-03  0.459719D-04
     21 -0.584400D-03  0.848587D-04 -0.137856D-02 -0.194041D-03  0.133414D-03
     22 -0.932494D-03 -0.317295D-02  0.150314D-02  0.736017D-03 -0.214434D-03
     23 -0.228135D-02 -0.278365D-02  0.505979D-03  0.322064D-03 -0.294197D-03
     24  0.942732D-03 -0.105841D-02  0.118053D-02  0.407572D-03  0.117752D-04
     25 -0.125104D-02 -0.136356D-02  0.632442D-03 -0.450463D-03 -0.134903D-02
     26  0.995088D-03  0.444776D-03  0.317061D-03 -0.544330D-03 -0.738662D-03
     27 -0.222069D-03 -0.212241D-02 -0.260252D-03 -0.415682D-03 -0.371313D-03
     28  0.139271D-03  0.113015D-03 -0.118179D-03  0.199090D-04 -0.322356D-03
     29 -0.297671D-03  0.376010D-05  0.435851D-05 -0.123024D-03 -0.639054D-03
     30  0.527771D-03 -0.184186D-03  0.759801D-03  0.156990D-04 -0.718290D-04
     31  0.440671D-04  0.672497D-04 -0.276768D-03 -0.148360D-04  0.000000D+00
     32  0.329455D-03  0.223258D-03  0.382127D-03  0.255494D-03  0.199260D-03
     33 -0.648181D-03  0.512249D-04 -0.462588D-03  0.336275D-03 -0.450726D-03
     34  0.234609D-03 -0.227454D-03  0.632629D-03 -0.112380D-02 -0.564437D-03
     35 -0.694100D-03  0.407133D-04 -0.720281D-03 -0.102790D-02 -0.507217D-03
     36 -0.350848D-03  0.230189D-03  0.292954D-04  0.260754D-03 -0.312521D-03
     37 -0.294508D-03  0.988510D-03 -0.253068D-03  0.508933D-04 -0.157938D-03
     38  0.707809D-03 -0.105186D-03  0.137694D-02 -0.134221D-03  0.852264D-04
     39  0.448663D-03 -0.449122D-03  0.129987D-02  0.877443D-04  0.413587D-04
     40 -0.155641D-03 -0.473868D-03 -0.125963D-02 -0.757234D-04  0.124754D-03
     41 -0.233637D-03 -0.439339D-03  0.328801D-03  0.983014D-04 -0.794912D-05
     42 -0.128213D-03 -0.628489D-04  0.124757D-03 -0.165637D-03  0.123949D-03
                6             7             8             9            10 
      6  0.179764D+00
      7 -0.655056D-03  0.161089D+00
      8 -0.253030D-02  0.159906D+00  0.238638D+00
      9  0.379569D-02  0.214332D-01  0.435630D-02  0.426109D-01
     10 -0.356080D-02 -0.102751D-01  0.124169D-02 -0.163436D-01  0.532038D+00
     11  0.182131D-01 -0.195804D-01  0.282811D-02 -0.189615D-01  0.109611D+00
     12 -0.106886D-01  0.000000D+00  0.221372D-02  0.183905D-02  0.307638D+00
     13 -0.731443D-02 -0.274166D-02  0.253415D-02  0.359298D-02 -0.524054D-01
     14  0.239594D-02  0.273737D-02 -0.835603D-03 -0.256859D-02  0.144903D-01
     15  0.250045D-02  0.339411D-02 -0.276822D-02 -0.243220D-02 -0.213471D-01
     16  0.393260D-02  0.413539D-02 -0.236164D-02 -0.573415D-02 -0.128003D+00
     17 -0.790803D-03 -0.191729D-02  0.323120D-02  0.445664D-02 -0.784092D-01
     18 -0.258619D-02 -0.767276D-02  0.403960D-02  0.245708D-02 -0.148748D-01
     19  0.964092D-03  0.790524D-03 -0.117077D-02 -0.192442D-02 -0.327442D-01
     20  0.254793D-03  0.581515D-03 -0.482577D-03 -0.804608D-03 -0.140135D-01
     21  0.967357D-04  0.315723D-04 -0.157675D-03 -0.108078D-03 -0.103792D-02
     22 -0.562586D-03 -0.172345D-02  0.621362D-03  0.493306D-03 -0.454456D-02
     23 -0.377740D-03 -0.138818D-02  0.796741D-03  0.444986D-03  0.440348D-03
     24 -0.141945D-03 -0.234691D-03  0.517500D-04  0.685831D-05 -0.182156D-02
     25  0.166068D-03  0.117910D-03 -0.124907D-03  0.401691D-03  0.401360D-02
     26  0.164377D-03  0.496914D-03  0.684249D-04  0.542709D-03  0.645835D-03
     27  0.123308D-03 -0.158425D-03  0.419823D-04 -0.147524D-03  0.400685D-02
     28 -0.458498D-04  0.691541D-04 -0.166092D-04  0.135721D-03  0.390372D-03
     29 -0.747230D-03 -0.995334D-04  0.225004D-03 -0.165614D-03  0.103288D-02
     30 -0.248226D-03 -0.543758D-04  0.104026D-03 -0.114456D-03 -0.241395D-03
     31  0.453934D-03  0.105981D-03 -0.166738D-03  0.918527D-04  0.319270D-03
     32 -0.221379D-03 -0.113003D-03  0.562470D-04 -0.445208D-04  0.218301D-02
     33  0.210488D-03  0.885360D-04 -0.166293D-03  0.277859D-03 -0.169932D-02
     34  0.157968D-03  0.213718D-04  0.165701D-03 -0.203773D-03 -0.687372D-05
     35  0.328596D-03  0.849501D-04  0.594217D-05 -0.119733D-04  0.544630D-03
     36  0.412070D-03  0.159579D-03 -0.250271D-03  0.303626D-03 -0.784256D-03
     37 -0.150803D-03  0.355113D-04  0.107558D-03  0.179762D-03  0.235050D-02
     38 -0.326447D-04  0.124919D-03 -0.621583D-04 -0.189287D-03 -0.468216D-02
     39  0.145563D-03  0.843423D-04 -0.133875D-03 -0.190051D-03 -0.406102D-02
     40  0.604657D-04 -0.337749D-04 -0.159340D-04  0.176646D-04  0.138382D-02
     41  0.126270D-03 -0.567986D-04 -0.112222D-03 -0.104932D-03 -0.750492D-03
     42 -0.267355D-04  0.592281D-05 -0.318002D-04 -0.998842D-04 -0.511124D-03
               11            12            13            14            15 
     11  0.494288D+00
     12 -0.143449D+00  0.576866D+00
     13  0.126008D-01 -0.193971D-01  0.482463D-01
     14 -0.211639D+00  0.140492D+00 -0.101659D-01  0.219930D+00
     15  0.137932D+00 -0.167142D+00  0.297271D-01 -0.153369D+00  0.171978D+00
     16 -0.697591D-01 -0.979741D-02  0.452209D-02  0.416079D-02 -0.670390D-03
     17 -0.168166D+00 -0.364814D-02 -0.166794D-01 -0.145441D-01 -0.371393D-02
     18 -0.334444D-02 -0.871691D-01  0.138853D-01  0.152817D-01  0.432695D-02
     19  0.289007D-02 -0.355538D-02  0.482310D-03 -0.133707D-02 -0.661257D-04
     20  0.968686D-02  0.593695D-02  0.959444D-03  0.534613D-03  0.134312D-03
     21  0.108909D-02  0.156801D-02  0.355971D-03  0.575961D-03  0.744168D-04
     22 -0.919151D-02 -0.260809D-01  0.369775D-03  0.471827D-03  0.891458D-03
     23 -0.561106D-02 -0.231010D-01  0.189661D-03  0.401341D-03  0.497958D-03
     24 -0.138149D-02 -0.242604D-02 -0.660911D-03 -0.331346D-03  0.590304D-03
     25 -0.196589D-01  0.156122D-01 -0.255076D-02 -0.445241D-02 -0.120178D-02
     26 -0.238355D-01  0.149127D-01 -0.230923D-02 -0.106826D-02 -0.620927D-03
     27 -0.655964D-03  0.482573D-02 -0.228534D-02 -0.170062D-02  0.116599D-02
     28 -0.778970D-03 -0.553856D-04  0.646463D-04  0.204095D-03  0.405767D-04
     29  0.125976D-02  0.894650D-04 -0.241717D-03  0.267269D-03  0.171647D-03
     30 -0.793173D-03  0.200986D-03  0.179880D-04 -0.249809D-03 -0.220120D-03
     31  0.102859D-02 -0.923193D-03  0.313815D-03  0.179330D-03 -0.139943D-03
     32 -0.272276D-02  0.434377D-02 -0.107616D-02 -0.103313D-02 -0.143276D-03
     33  0.312621D-02 -0.275766D-02  0.631151D-03  0.102499D-02  0.291819D-03
     34  0.194796D-04  0.497203D-03 -0.641537D-04  0.000000D+00 -0.134203D-03
     35  0.103110D-02  0.362221D-04  0.341880D-03  0.419619D-04 -0.284472D-03
     36 -0.954681D-03  0.386494D-03  0.294481D-04  0.119248D-03  0.132240D-03
     37  0.180726D-02  0.229739D-02  0.362903D-03  0.365621D-03 -0.207056D-03
     38 -0.130677D-02 -0.160738D-02  0.299709D-03 -0.188767D-04 -0.284192D-03
     39 -0.870036D-03 -0.170752D-02 -0.426721D-03 -0.390264D-03  0.196048D-03
     40 -0.226061D-03  0.605177D-03 -0.112125D-03 -0.933363D-04  0.170746D-03
     41  0.783242D-03 -0.562291D-03 -0.225307D-03 -0.249799D-03  0.374877D-03
     42  0.303426D-03 -0.100428D-03  0.356047D-03  0.106027D-03 -0.363670D-03
               16            17            18            19            20 
     16  0.435062D+00
     17  0.189581D-01  0.495925D+00
     18  0.172427D-01  0.773331D-02  0.552982D+00
     19 -0.144394D+00  0.529234D-01  0.269775D-01  0.159713D+00
     20  0.264104D-01 -0.543018D-01 -0.897022D-02 -0.324971D-01  0.563939D-01
     21 -0.360315D-02 -0.201782D-03 -0.369128D-01  0.237567D-02 -0.315891D-02
     22 -0.324274D-01 -0.461696D-02 -0.548949D-02 -0.983287D-02  0.144509D-01
     23 -0.749559D-02 -0.689503D-01 -0.718766D-01  0.450225D-02 -0.590539D-02
     24 -0.850639D-02 -0.686994D-01 -0.287239D+00  0.451613D-03 -0.257548D-02
     25 -0.719585D-01  0.105532D-01 -0.142423D-01 -0.109027D-01  0.262058D-01
     26  0.863884D-02 -0.159346D+00  0.637418D-01  0.580386D-02 -0.140824D-01
     27 -0.143206D-01  0.633917D-01 -0.130929D+00  0.182276D-02 -0.334872D-02
     28 -0.331429D-02  0.209624D-02 -0.879483D-03  0.171402D-02 -0.152621D-03
     29  0.223683D-01 -0.127827D-01 -0.416541D-02  0.923515D-03 -0.374068D-02
     30 -0.179725D-01  0.923706D-02  0.254359D-02 -0.230200D-02  0.447194D-02
     31  0.351927D-02  0.549153D-02  0.123157D-02  0.784497D-03 -0.169029D-03
     32 -0.188688D-01 -0.180995D-01 -0.583511D-02 -0.181171D-03  0.152848D-03
     33  0.166313D-01  0.147231D-01  0.337146D-02  0.658887D-04 -0.545581D-03
     34 -0.972249D-03 -0.686093D-03 -0.529536D-02  0.405393D-04 -0.481627D-03
     35 -0.169754D-02  0.884285D-02  0.274003D-01 -0.716801D-04  0.922237D-03
     36  0.137248D-02 -0.521880D-02 -0.196987D-01 -0.752726D-03  0.346054D-03
     37 -0.506318D-01  0.164312D-01  0.255040D-02  0.363361D-01 -0.243796D-01
     38  0.345187D-01 -0.113544D-01 -0.351160D-02 -0.251699D-01  0.129254D-01
     39  0.318485D-01 -0.112915D-01 -0.285313D-02 -0.238690D-01  0.130902D-01
     40  0.436068D-02  0.980917D-03  0.241734D-02 -0.262887D-02  0.537819D-02
     41  0.236555D-02 -0.124522D-02 -0.454828D-03 -0.365629D-02 -0.719728D-03
     42  0.282362D-02 -0.130806D-02 -0.716815D-03 -0.445309D-02 -0.195226D-02
               21            22            23            24            25 
     21  0.376319D-01
     22  0.293401D-01  0.439312D-01
     23 -0.128277D-01  0.664105D-02  0.755680D-01
     24 -0.771769D-02  0.870817D-02  0.756076D-01  0.312150D+00
     25 -0.123425D-01 -0.776064D-03  0.318884D-03  0.464123D-03  0.575548D+00
     26  0.648723D-02 -0.126149D-02  0.795722D-02 -0.500246D-02  0.169511D-01
     27  0.380039D-03 -0.458894D-02  0.270204D-01 -0.166527D-01 -0.191280D-02
     28 -0.113369D-02  0.108700D-03  0.183449D-03 -0.332580D-03 -0.255388D+00
     29  0.259433D-02 -0.352157D-03  0.677567D-03 -0.368974D-04  0.103421D+00
     30 -0.692846D-03 -0.268909D-03 -0.665532D-03  0.457151D-03  0.374677D-01
     31  0.144714D-03  0.115788D-03 -0.400533D-03  0.389816D-03 -0.192241D+00
     32 -0.545953D-03  0.538061D-04  0.102732D-02  0.115039D-03 -0.132183D+00
     33  0.561661D-03  0.540710D-03 -0.698484D-03  0.474198D-03 -0.355950D-01
     34 -0.426794D-03  0.584391D-03  0.892283D-03 -0.675352D-03 -0.477371D-01
     35 -0.366961D-03  0.502734D-03 -0.434084D-02  0.344712D-02  0.456837D-02
     36  0.503650D-03 -0.746354D-03  0.381690D-02 -0.827888D-03  0.143109D-01
     37 -0.181984D-01  0.547471D-02 -0.218767D-02  0.121584D-02  0.416832D-02
     38  0.944500D-02 -0.326120D-02  0.125579D-02 -0.550088D-03 -0.253982D-02
     39  0.749503D-02 -0.327702D-02  0.130913D-02  0.144838D-04 -0.305131D-02
     40  0.527284D-02 -0.108383D-02  0.263336D-03 -0.348381D-03 -0.591520D-03
     41 -0.315095D-02 -0.671020D-03  0.201461D-03  0.402245D-03 -0.346247D-03
     42 -0.150150D-02 -0.462734D-03  0.343973D-03  0.131494D-03 -0.709585D-03
               26            27            28            29            30 
     26  0.522322D+00
     27  0.430745D-01  0.542976D+00
     28  0.103044D+00  0.386239D-01  0.276503D+00
     29 -0.972557D-01 -0.195401D-01 -0.114581D+00  0.105488D+00
     30 -0.195110D-01 -0.538334D-01 -0.407265D-01  0.181412D-01  0.558025D-01
     31 -0.134066D+00 -0.348147D-01 -0.192015D-01 -0.192755D-01 -0.567000D-02
     32 -0.167529D+00 -0.323899D-01  0.106732D-01  0.108858D-01  0.331065D-02
     33 -0.335341D-01 -0.553526D-01  0.423898D-02  0.430136D-02 -0.148331D-03
     34  0.384244D-02  0.147687D-01 -0.790501D-03  0.752798D-02  0.282671D-01
     35 -0.683668D-01 -0.735035D-01 -0.645242D-03 -0.482774D-02 -0.130526D-01
     36 -0.722704D-01 -0.293169D+00  0.419046D-04 -0.108830D-02 -0.379641D-02
     37 -0.244260D-02 -0.668378D-03 -0.366165D-03 -0.303880D-03  0.109927D-02
     38  0.191013D-02  0.357498D-03  0.321296D-03  0.195124D-03 -0.909119D-03
     39  0.145307D-02  0.131546D-03  0.251641D-03  0.227444D-03 -0.302252D-03
     40  0.205004D-03  0.164737D-03  0.518565D-04  0.000000D+00 -0.159925D-03
     41 -0.479905D-03 -0.253609D-03 -0.139466D-03  0.243309D-03  0.172419D-03
     42  0.245418D-03  0.742039D-03 -0.410229D-04  0.213697D-03 -0.407963D-03
               31            32            33            34            35 
     31  0.204604D+00
     32  0.144711D+00  0.182634D+00
     33  0.390506D-01  0.323376D-01  0.580417D-01
     34  0.166897D-02 -0.578122D-02 -0.235335D-01  0.479396D-01
     35  0.278019D-02 -0.619333D-02 -0.203261D-01 -0.459732D-02  0.734681D-01
     36  0.322863D-03 -0.128184D-02 -0.439829D-02 -0.142138D-01  0.770324D-01
     37  0.120140D-05  0.189503D-03 -0.589282D-04  0.434389D-04 -0.171818D-03
     38 -0.201253D-03  0.351649D-03  0.120196D-03 -0.482532D-03  0.226794D-03
     39  0.643574D-04 -0.110243D-03 -0.517646D-04  0.345466D-03 -0.109301D-03
     40 -0.190737D-04 -0.191993D-03 -0.486241D-04  0.161712D-03  0.828378D-04
     41  0.219652D-04  0.471012D-04  0.365123D-04  0.372704D-03 -0.343719D-03
     42  0.748971D-04  0.829694D-04 -0.579897D-04 -0.186357D-03  0.130491D-03
               36            37            38            39            40 
     36  0.320145D+00
     37  0.614028D-03  0.232750D+00
     38 -0.588355D-03  0.163973D+00  0.118614D+00
     39  0.270102D-03  0.198123D+00  0.141763D+00  0.169131D+00
     40 -0.264036D-03 -0.230281D+00 -0.163474D+00 -0.196569D+00  0.229024D+00
     41  0.420420D-03 -0.154219D+00 -0.122716D+00 -0.144530D+00  0.157440D+00
     42 -0.291980D-03 -0.186543D+00 -0.145390D+00 -0.173579D+00  0.189940D+00
               41            42 
     41  0.125039D+00
     42  0.147195D+00  0.176147D+00
