 Hessian
                1             2             3             4             5 
      1  0.539160D+00
      2  0.166694D+00  0.538653D+00
      3  0.312150D+00 -0.146859D+00  0.537382D+00
      4 -0.537220D-01  0.185267D-01 -0.309056D-01  0.472427D-01
      5  0.215991D-01 -0.207803D+00  0.147061D+00 -0.207113D-01  0.213822D+00
      6 -0.321422D-01  0.143686D+00 -0.174580D+00  0.390130D-01 -0.160490D+00
      7 -0.157988D+00 -0.145328D+00 -0.159106D-01  0.524516D-02  0.401781D-02
      8 -0.148660D+00 -0.232889D+00 -0.386486D-02 -0.127761D-01 -0.110950D-01
      9 -0.131984D-01 -0.761961D-03 -0.483051D-01  0.116235D-01  0.145494D-01
     10 -0.306809D+00 -0.310563D-01 -0.234305D+00  0.303997D-02 -0.703751D-03
     11 -0.220382D-01 -0.100275D+00  0.151747D-01  0.179319D-01  0.522866D-02
     12 -0.243757D+00  0.611379D-02 -0.306142D+00 -0.161467D-01 -0.349836D-03
     13  0.134779D-02  0.173418D-01 -0.186099D-01  0.185203D-02 -0.365226D-02
     14 -0.246589D-02  0.510151D-02 -0.139429D-02 -0.381092D-02  0.331503D-02
     15 -0.302832D-02  0.196979D-01 -0.110383D-01 -0.704709D-02  0.220329D-02
     16 -0.244685D-01 -0.191033D-01 -0.219713D-01 -0.220345D-02  0.104980D-02
     17 -0.101045D-01  0.108237D-02 -0.740839D-02  0.237807D-02 -0.147263D-02
     18 -0.187176D-01 -0.188662D-01  0.373191D-02  0.312424D-02 -0.201967D-02
     19  0.472321D-02 -0.251195D-02  0.907614D-02 -0.625716D-03  0.874200D-03
     20 -0.430665D-02 -0.110741D-02 -0.703293D-02 -0.822581D-04 -0.208341D-03
     21 -0.251039D-02  0.736119D-04 -0.455745D-02 -0.107342D-03 -0.516814D-04
     22  0.979831D-04 -0.337590D-02  0.216237D-02  0.667101D-03 -0.130529D-03
     23 -0.321230D-02 -0.311428D-02 -0.136211D-03  0.240680D-03 -0.234291D-03
     24  0.800335D-03 -0.939518D-03  0.917640D-03  0.344918D-03  0.361470D-04
     25 -0.164884D-02 -0.110342D-02  0.397937D-03 -0.236891D-03 -0.139451D-02
     26  0.110330D-02  0.126586D-03  0.733513D-03 -0.683291D-03 -0.681526D-03
     27 -0.374624D-03 -0.208335D-02 -0.720493D-03 -0.504433D-03 -0.246496D-03
     28  0.267576D-03 -0.396056D-04  0.172570D-03 -0.545679D-04 -0.272490D-03
     29 -0.134519D-03 -0.805834D-04  0.112457D-03 -0.183947D-03 -0.604161D-03
     30  0.463579D-03 -0.144598D-03  0.748048D-03  0.536377D-04 -0.102634D-03
     31  0.668544D-04  0.557002D-04 -0.222499D-03 -0.253997D-04  0.000000D+00
     32  0.305442D-03  0.243521D-03  0.331271D-03  0.261927D-03  0.191333D-03
     33 -0.731280D-03  0.245755D-04 -0.597580D-03  0.326432D-03 -0.421525D-03
     34  0.355943D-03 -0.272000D-03  0.836655D-03 -0.112978D-02 -0.630074D-03
     35 -0.635511D-03  0.463196D-04 -0.598801D-03 -0.103143D-02 -0.550012D-03
     36 -0.352675D-03  0.162754D-03 -0.404695D-05  0.264367D-03 -0.326885D-03
     37 -0.132369D-02  0.673322D-03 -0.193054D-02  0.400910D-04 -0.177803D-03
     38  0.176329D-02  0.327183D-03  0.304349D-02 -0.144792D-03  0.949734D-04
     39  0.125532D-02 -0.104523D-03  0.253240D-02  0.121191D-03  0.381730D-04
     40 -0.599429D-04 -0.500627D-03 -0.939674D-03 -0.892947D-04  0.132576D-03
     41  0.920864D-04 -0.311731D-03  0.838667D-03  0.848281D-04 -0.314858D-05
     42  0.144061D-03  0.000000D+00  0.633465D-03 -0.160105D-03  0.121317D-03
                6             7             8             9            10 
      6  0.180719D+00
      7 -0.862190D-03  0.162111D+00
      8 -0.235660D-02  0.160472D+00  0.238060D+00
      9  0.397998D-02  0.208865D-01  0.327664D-02  0.423561D-01
     10 -0.361077D-02 -0.969947D-02  0.100725D-02 -0.167724D-01  0.512145D+00
     11  0.178909D-01 -0.194702D-01  0.315693D-02 -0.182676D-01  0.104066D+00
     12 -0.106700D-01  0.310551D-03  0.217252D-02  0.218264D-02  0.295352D+00
     13 -0.714736D-02 -0.265056D-02  0.248017D-02  0.346317D-02 -0.518983D-01
     14  0.230149D-02  0.267345D-02 -0.856731D-03 -0.251340D-02  0.136265D-01
     15  0.246724D-02  0.333632D-02 -0.270322D-02 -0.232494D-02 -0.216895D-01
     16  0.372605D-02  0.346951D-02 -0.187140D-02 -0.532697D-02 -0.108076D+00
     17 -0.431197D-03 -0.183189D-02  0.286734D-02  0.374774D-02 -0.829774D-01
     18 -0.251359D-02 -0.770875D-02  0.380094D-02  0.194203D-02 -0.208301D-01
     19  0.930695D-03  0.102624D-02 -0.122342D-02 -0.176202D-02 -0.438399D-01
     20  0.319411D-04  0.127436D-03 -0.565231D-04 -0.121758D-03  0.294017D-02
     21 -0.857248D-04 -0.195356D-03  0.115904D-03  0.209987D-03  0.947876D-02
     22 -0.458282D-03 -0.170659D-02  0.593703D-03  0.480891D-03 -0.723147D-02
     23 -0.309194D-03 -0.130108D-02  0.708971D-03  0.179960D-03  0.220412D-04
     24 -0.730913D-04 -0.116811D-03  0.537236D-04 -0.176041D-04 -0.689003D-03
     25  0.847042D-04 -0.213349D-04 -0.954582D-04  0.513544D-03  0.487515D-02
     26  0.259593D-03  0.561930D-03  0.195666D-04  0.452003D-03  0.511865D-03
     27  0.280677D-03 -0.648595D-04 -0.397471D-05 -0.219305D-03  0.437629D-02
     28 -0.114955D-04  0.119533D-03 -0.424370D-04  0.688623D-04 -0.561874D-04
     29 -0.709923D-03 -0.456320D-04  0.204929D-03 -0.201790D-03  0.554079D-03
     30 -0.292419D-03 -0.893406D-04  0.116033D-03 -0.991131D-04 -0.266262D-03
     31  0.442406D-03  0.111059D-03 -0.158299D-03  0.843198D-04  0.208401D-03
     32 -0.236770D-03 -0.125144D-03  0.679355D-04 -0.405282D-04  0.217944D-02
     33  0.230349D-03  0.976739D-04 -0.172432D-03  0.261584D-03 -0.150735D-02
     34  0.124539D-03  0.172106D-04  0.169538D-03 -0.205149D-03 -0.416160D-03
     35  0.298350D-03  0.598350D-04  0.168087D-04  0.155314D-04  0.435253D-03
     36  0.404715D-03  0.129568D-03 -0.233619D-03  0.320014D-03 -0.819326D-03
     37 -0.158877D-03 -0.244691D-04  0.141709D-03  0.163458D-03  0.715865D-02
     38 -0.613473D-04  0.197831D-03 -0.876846D-04 -0.186719D-03 -0.864617D-02
     39  0.148534D-03  0.145647D-03 -0.159299D-03 -0.171699D-03 -0.719243D-02
     40  0.698049D-04 -0.912079D-05 -0.377725D-04 -0.192720D-04  0.599371D-03
     41  0.126728D-03 -0.802526D-05 -0.118065D-03 -0.127568D-03 -0.195929D-02
     42 -0.157131D-04  0.416346D-04 -0.417468D-04 -0.114595D-03 -0.152462D-02
               11            12            13            14            15 
     11  0.491007D+00
     12 -0.152877D+00  0.570646D+00
     13  0.132794D-01 -0.192086D-01  0.485756D-01
     14 -0.212247D+00  0.141338D+00 -0.972860D-02  0.220083D+00
     15  0.138426D+00 -0.169012D+00  0.295094D-01 -0.154219D+00  0.173529D+00
     16 -0.646811D-01 -0.116391D-02  0.368506D-02  0.442870D-02 -0.114709D-03
     17 -0.167734D+00  0.142778D-02 -0.173970D-01 -0.144449D-01 -0.313757D-02
     18 -0.331481D-02 -0.912011D-01  0.141981D-01  0.150008D-01  0.430047D-02
     19 -0.335544D-02 -0.756526D-02  0.903788D-03 -0.130416D-02 -0.423789D-03
     20  0.105563D-01  0.948503D-02  0.262739D-03  0.504415D-03  0.343853D-03
     21  0.323749D-02  0.459043D-02  0.146845D-03  0.757622D-03  0.199247D-03
     22 -0.976358D-02 -0.266903D-01  0.148660D-03  0.504206D-03  0.101957D-02
     23 -0.246269D-02 -0.217267D-01  0.317618D-03  0.404671D-03  0.370706D-03
     24 -0.359850D-03 -0.111127D-02 -0.645656D-03 -0.301487D-03  0.604775D-03
     25 -0.195884D-01  0.156737D-01 -0.239766D-02 -0.453791D-02 -0.139003D-02
     26 -0.240001D-01  0.138892D-01 -0.230849D-02 -0.984297D-03 -0.598714D-03
     27  0.287407D-03  0.555996D-02 -0.237645D-02 -0.150039D-02  0.135000D-02
     28 -0.108050D-02 -0.332807D-03  0.690858D-04  0.185222D-03  0.223576D-04
     29  0.117564D-02  0.849875D-04 -0.265344D-03  0.308755D-03  0.223541D-03
     30 -0.607921D-03  0.299560D-03  0.325575D-04 -0.272088D-03 -0.246285D-03
     31  0.989894D-03 -0.995784D-03  0.326943D-03  0.188591D-03 -0.142811D-03
     32 -0.259582D-02  0.441221D-02 -0.105328D-02 -0.999552D-03 -0.153192D-03
     33  0.338454D-02 -0.250375D-02  0.598651D-03  0.100453D-02  0.308902D-03
     34 -0.216231D-03  0.241343D-03 -0.495344D-04 -0.645372D-05 -0.139947D-03
     35  0.689864D-03 -0.154881D-03  0.350378D-03  0.108957D-04 -0.310493D-03
     36 -0.792683D-03  0.378059D-03  0.229169D-04  0.119403D-03  0.133421D-03
     37  0.427237D-02  0.405341D-02  0.207483D-03  0.365546D-03 -0.983217D-04
     38 -0.301486D-02 -0.288054D-02  0.545694D-03  0.295220D-04 -0.468299D-03
     39 -0.219438D-02 -0.252047D-02 -0.338370D-03 -0.390433D-03  0.902037D-04
     40 -0.346158D-03  0.229761D-03 -0.120350D-03 -0.118324D-03  0.186851D-03
     41  0.514601D-03 -0.934662D-03 -0.172863D-03 -0.225365D-03  0.325307D-03
     42  0.136886D-04 -0.496304D-03  0.354665D-03  0.687726D-04 -0.361946D-03
               16            17            18            19            20 
     16  0.288269D+00
     17  0.786305D-01  0.469238D+00
     18  0.615329D-01 -0.351350D-02  0.556454D+00
     19  0.710740D-02 -0.219818D-02  0.489372D-03  0.649336D-02
     20 -0.435367D-01 -0.211659D-01  0.454578D-02  0.449386D-01  0.211176D-01
     21 -0.410004D-01  0.123914D-01 -0.222391D-01  0.452958D-01 -0.244081D-01
     22 -0.286707D-01 -0.109252D-01 -0.239656D-01 -0.116561D-01  0.139893D-01
     23 -0.167326D-01 -0.666469D-01 -0.667346D-01  0.538500D-02 -0.615115D-02
     24 -0.313494D-01 -0.634696D-01 -0.295811D+00 -0.328588D-04 -0.240619D-02
     25 -0.654418D-01  0.615834D-02 -0.176814D-01 -0.148189D-01  0.234826D-01
     26  0.318747D-02 -0.158251D+00  0.646886D-01  0.853970D-02 -0.137332D-01
     27 -0.153754D-01  0.618180D-01 -0.129996D+00  0.210663D-02 -0.309197D-02
     28 -0.360821D-02  0.320165D-02 -0.121756D-02  0.180555D-02 -0.378894D-03
     29  0.216622D-01 -0.134729D-01 -0.338964D-02  0.996486D-03 -0.302050D-02
     30 -0.166969D-01  0.875230D-02  0.180882D-02 -0.232590D-02  0.365964D-02
     31  0.369621D-02  0.581355D-02  0.140457D-02  0.714623D-03 -0.137463D-03
     32 -0.188004D-01 -0.185571D-01 -0.588468D-02 -0.714595D-03  0.286305D-04
     33  0.163634D-01  0.142556D-01  0.360707D-02  0.291054D-03 -0.430667D-03
     34 -0.116350D-02  0.129544D-03 -0.588854D-02  0.116899D-03 -0.319122D-03
     35 -0.705669D-03  0.887367D-02  0.276095D-01 -0.352636D-03  0.775307D-03
     36  0.432010D-03 -0.471877D-02 -0.196517D-01 -0.569052D-04  0.569445D-04
     37 -0.792491D-01  0.288888D-01  0.132156D-01  0.500436D-01 -0.467367D-01
     38  0.523882D-01 -0.185232D-01 -0.109660D-01 -0.411983D-01  0.139994D-01
     39  0.460476D-01 -0.177281D-01 -0.902489D-02 -0.371305D-01  0.218060D-01
     40  0.665452D-02  0.233884D-03  0.204468D-02 -0.199404D-02  0.975703D-02
     41  0.408442D-02 -0.179195D-02 -0.956566D-03 -0.787528D-02 -0.153870D-02
     42  0.489697D-02 -0.198566D-02 -0.140656D-02 -0.889244D-02 -0.243757D-02
               21            22            23            24            25 
     21  0.270485D-01
     22  0.237036D-01  0.418918D-01
     23 -0.110913D-01  0.147142D-01  0.705825D-01
     24 -0.738036D-02  0.323614D-01  0.686481D-01  0.317199D+00
     25 -0.500755D-02  0.268405D-03  0.210534D-02 -0.670145D-03  0.566821D+00
     26  0.326525D-02 -0.139855D-02  0.793737D-02 -0.486287D-02  0.253970D-01
     27 -0.383893D-03 -0.490586D-02  0.265486D-01 -0.150002D-01 -0.230109D-02
     28 -0.130703D-02  0.122728D-03  0.273926D-03 -0.272319D-03 -0.252585D+00
     29  0.172643D-02 -0.398051D-03  0.427572D-03  0.113372D-03  0.102877D+00
     30  0.869637D-04  0.268507D-03 -0.643283D-03  0.160143D-03  0.381309D-01
     31  0.185097D-04  0.133488D-03 -0.395930D-03  0.366830D-03 -0.192592D+00
     32 -0.175180D-03  0.276017D-03  0.105800D-02  0.763132D-04 -0.133084D+00
     33  0.235151D-03  0.528040D-03 -0.735057D-03  0.538858D-03 -0.359027D-01
     34 -0.573550D-03  0.631666D-03  0.101661D-02 -0.782145D-03 -0.468136D-01
     35  0.274066D-03  0.476706D-03 -0.434390D-02  0.323793D-02  0.324161D-02
     36  0.543907D-05 -0.369864D-03  0.359698D-02 -0.722329D-03  0.126548D-01
     37 -0.376250D-01  0.673602D-02 -0.287723D-02  0.105448D-02  0.545365D-02
     38  0.186288D-01 -0.382406D-02  0.155620D-02 -0.220650D-03 -0.307806D-02
     39  0.452933D-02 -0.357978D-02  0.161810D-02  0.550182D-03 -0.355523D-02
     40  0.968318D-02 -0.143296D-02  0.443734D-03 -0.369585D-03 -0.863006D-03
     41 -0.474440D-02 -0.738253D-03  0.277960D-03  0.394622D-03 -0.380171D-03
     42 -0.225855D-02 -0.554729D-03  0.413928D-03  0.145626D-03 -0.947377D-03
               26            27            28            29            30 
     26  0.518126D+00
     27  0.446092D-01  0.543041D+00
     28  0.100949D+00  0.410481D-01  0.274285D+00
     29 -0.950281D-01 -0.206909D-01 -0.112998D+00  0.103564D+00
     30 -0.194895D-01 -0.532077D-01 -0.429406D-01  0.191438D-01  0.552660D-01
     31 -0.135063D+00 -0.349408D-01 -0.191902D-01 -0.191720D-01 -0.562958D-02
     32 -0.167929D+00 -0.324577D-01  0.105941D-01  0.107472D-01  0.316456D-02
     33 -0.335349D-01 -0.559547D-01  0.446351D-02  0.441555D-02 -0.274121D-04
     34  0.237426D-02  0.136255D-01 -0.749270D-03  0.733280D-02  0.282320D-01
     35 -0.678135D-01 -0.730243D-01 -0.645883D-03 -0.457954D-02 -0.129401D-01
     36 -0.716183D-01 -0.295621D+00 -0.208659D-04 -0.118543D-02 -0.398390D-02
     37 -0.346434D-02 -0.613704D-03 -0.486407D-03 -0.254885D-03  0.100527D-02
     38  0.262735D-02  0.467176D-04  0.361403D-03  0.158465D-03 -0.786851D-03
     39  0.181044D-02  0.145650D-03  0.339147D-03  0.138213D-03 -0.103504D-03
     40  0.293155D-03  0.300695D-03  0.606592D-04  0.294616D-04 -0.237760D-03
     41 -0.416115D-03 -0.210858D-03 -0.108015D-03  0.199271D-03  0.150679D-03
     42  0.396551D-03  0.725104D-03 -0.118251D-04  0.219376D-03 -0.409138D-03
               31            32            33            34            35 
     31  0.205041D+00
     32  0.145398D+00  0.183290D+00
     33  0.391791D-01  0.323331D-01  0.581644D-01
     34  0.152829D-02 -0.552748D-02 -0.235191D-01  0.474766D-01
     35  0.272490D-02 -0.594495D-02 -0.203475D-01 -0.385338D-02  0.729828D-01
     36  0.311270D-03 -0.120545D-02 -0.419430D-02 -0.122117D-01  0.761124D-01
     37 -0.247003D-04  0.471958D-03 -0.153696D-03  0.634855D-04 -0.138008D-03
     38 -0.244631D-03  0.310130D-03  0.181034D-03 -0.554545D-03  0.212519D-03
     39  0.573758D-04 -0.252275D-03 -0.196096D-04  0.451169D-03 -0.278630D-03
     40  0.513514D-05 -0.182104D-03 -0.337295D-04  0.131694D-03  0.738443D-04
     41  0.154163D-05  0.891071D-04  0.431969D-04  0.356530D-03 -0.376216D-03
     42  0.671225D-04  0.883142D-04 -0.489589D-04 -0.191020D-03  0.106834D-03
               36            37            38            39            40 
     36  0.322540D+00
     37  0.312656D-03  0.229089D+00
     38 -0.344416D-03  0.166908D+00  0.138553D+00
     39  0.606295D-03  0.199206D+00  0.153663D+00  0.191178D+00
     40 -0.296270D-03 -0.217683D+00 -0.164474D+00 -0.195827D+00  0.214800D+00
     41  0.377100D-03 -0.148073D+00 -0.136243D+00 -0.157967D+00  0.154695D+00
     42 -0.210770D-03 -0.178431D+00 -0.159649D+00 -0.187941D+00  0.185208D+00
               41            42 
     41  0.139943D+00
     42  0.162684D+00  0.191759D+00
