 Hessian
                1             2             3             4             5 
      1  0.542220D+00
      2  0.166743D+00  0.539315D+00
      3  0.318569D+00 -0.144994D+00  0.542174D+00
      4 -0.534573D-01  0.187944D-01 -0.308315D-01  0.474528D-01
      5  0.217011D-01 -0.208006D+00  0.146561D+00 -0.211240D-01  0.214372D+00
      6 -0.324045D-01  0.143186D+00 -0.173455D+00  0.389903D-01 -0.159977D+00
      7 -0.156836D+00 -0.144975D+00 -0.163626D-01  0.504665D-02  0.411902D-02
      8 -0.148105D+00 -0.232886D+00 -0.466631D-02 -0.127086D-01 -0.113625D-01
      9 -0.137034D-01 -0.128129D-02 -0.482091D-01  0.116421D-01  0.144149D-01
     10 -0.314649D+00 -0.316771D-01 -0.244406D+00  0.285451D-02 -0.620901D-03
     11 -0.260953D-01 -0.101825D+00  0.102210D-01  0.177478D-01  0.534867D-02
     12 -0.250036D+00  0.468251D-02 -0.313067D+00 -0.161559D-01 -0.183707D-03
     13  0.152418D-02  0.174507D-01 -0.185091D-01  0.196267D-02 -0.369277D-02
     14 -0.272187D-02  0.490477D-02 -0.139024D-02 -0.381281D-02  0.333403D-02
     15 -0.324585D-02  0.197976D-01 -0.110862D-01 -0.717705D-02  0.225626D-02
     16 -0.182443D-01 -0.183306D-01 -0.141382D-01 -0.230344D-02  0.119159D-02
     17 -0.796806D-02  0.242553D-02 -0.480584D-02  0.263390D-02 -0.180149D-02
     18 -0.190512D-01 -0.179809D-01  0.260322D-02  0.320306D-02 -0.216705D-02
     19  0.167817D-02 -0.391761D-02  0.491522D-02 -0.703503D-03  0.926062D-03
     20 -0.214429D-02 -0.122820D-02 -0.341491D-02 -0.328066D-03 -0.829016D-05
     21 -0.777756D-03  0.206070D-03 -0.179884D-02 -0.172964D-03  0.912053D-04
     22 -0.836408D-03 -0.324942D-02  0.159400D-02  0.725295D-03 -0.197754D-03
     23 -0.237919D-02 -0.281305D-02  0.435201D-03  0.309682D-03 -0.286407D-03
     24  0.935338D-03 -0.103763D-02  0.113983D-02  0.396466D-03  0.160739D-04
     25 -0.128226D-02 -0.136123D-02  0.636642D-03 -0.433540D-03 -0.135490D-02
     26  0.996691D-03  0.422178D-03  0.353215D-03 -0.556439D-03 -0.735178D-03
     27 -0.239107D-03 -0.210798D-02 -0.315801D-03 -0.421583D-03 -0.355439D-03
     28  0.155046D-03  0.977919D-04 -0.882668D-04  0.121808D-04 -0.314421D-03
     29 -0.285975D-03  0.000000D+00  0.659164D-05 -0.127335D-03 -0.634372D-03
     30  0.523779D-03 -0.186794D-03  0.766333D-03  0.181269D-04 -0.735785D-04
     31  0.454740D-04  0.659578D-04 -0.272182D-03 -0.158482D-04 -0.154788D-05
     32  0.326368D-03  0.226847D-03  0.375491D-03  0.255501D-03  0.198583D-03
     33 -0.654581D-03  0.499859D-04 -0.474840D-03  0.335550D-03 -0.447643D-03
     34  0.243567D-03 -0.234779D-03  0.651824D-03 -0.112681D-02 -0.575710D-03
     35 -0.691533D-03  0.394322D-04 -0.710994D-03 -0.103154D-02 -0.515615D-03
     36 -0.354630D-03  0.219386D-03  0.247805D-04  0.258725D-03 -0.315287D-03
     37 -0.423216D-03  0.106899D-02 -0.529296D-03  0.625715D-04 -0.180820D-03
     38  0.826545D-03 -0.146083D-03  0.163653D-02 -0.147672D-03  0.102718D-03
     39  0.543117D-03 -0.491713D-03  0.151040D-02  0.805552D-04  0.559166D-04
     40 -0.138630D-03 -0.474563D-03 -0.122999D-02 -0.762228D-04  0.124958D-03
     41 -0.202441D-03 -0.429712D-03  0.393434D-03  0.950683D-04 -0.643332D-05
     42 -0.103684D-03 -0.613499D-04  0.187588D-03 -0.165813D-03  0.124624D-03
                6             7             8             9            10 
      6  0.179837D+00
      7 -0.676259D-03  0.161277D+00
      8 -0.251079D-02  0.159984D+00  0.238507D+00
      9  0.381324D-02  0.213674D-01  0.423331D-02  0.425842D-01
     10 -0.356214D-02 -0.102185D-01  0.121051D-02 -0.164156D-01  0.530873D+00
     11  0.181915D-01 -0.195511D-01  0.285955D-02 -0.188986D-01  0.109424D+00
     12 -0.106845D-01  0.433028D-04  0.220927D-02  0.187538D-02  0.306428D+00
     13 -0.729865D-02 -0.273138D-02  0.252902D-02  0.358043D-02 -0.523967D-01
     14  0.238728D-02  0.273139D-02 -0.840461D-03 -0.256378D-02  0.144176D-01
     15  0.249999D-02  0.338959D-02 -0.276376D-02 -0.242322D-02 -0.213859D-01
     16  0.387267D-02  0.403932D-02 -0.226255D-02 -0.560232D-02 -0.125770D+00
     17 -0.754247D-03 -0.192180D-02  0.318408D-02  0.436485D-02 -0.794594D-01
     18 -0.258728D-02 -0.770339D-02  0.401558D-02  0.239984D-02 -0.154126D-01
     19  0.101040D-02  0.851006D-03 -0.122952D-02 -0.199905D-02 -0.349507D-01
     20  0.203766D-03  0.523152D-03 -0.407308D-03 -0.667973D-03 -0.117034D-01
     21  0.538862D-04  0.000000D+00 -0.105419D-03 -0.287520D-04  0.497723D-03
     22 -0.544266D-03 -0.171920D-02  0.609051D-03  0.470602D-03 -0.503768D-02
     23 -0.369469D-03 -0.137735D-02  0.787103D-03  0.415012D-03  0.355315D-03
     24 -0.129574D-03 -0.212976D-03  0.509570D-04  0.287810D-05 -0.166788D-02
     25  0.161718D-03  0.104602D-03 -0.126527D-03  0.406851D-03  0.404518D-02
     26  0.172858D-03  0.499095D-03  0.683564D-04  0.539434D-03  0.706115D-03
     27  0.138156D-03 -0.148563D-03  0.391792D-04 -0.154526D-03  0.408291D-02
     28 -0.436305D-04  0.737504D-04 -0.177767D-04  0.129223D-03  0.355392D-03
     29 -0.743609D-03 -0.946704D-04  0.223776D-03 -0.167354D-03  0.101169D-02
     30 -0.252428D-03 -0.570006D-04  0.103685D-03 -0.115639D-03 -0.275543D-03
     31  0.452617D-03  0.106678D-03 -0.165744D-03  0.911910D-04  0.306101D-03
     32 -0.222767D-03 -0.114202D-03  0.575577D-04 -0.440039D-04  0.220254D-02
     33  0.212084D-03  0.895338D-04 -0.167161D-03  0.276147D-03 -0.169041D-02
     34  0.155476D-03  0.206646D-04  0.166030D-03 -0.203582D-03 -0.458171D-04
     35  0.326194D-03  0.814517D-04  0.749242D-05 -0.800495D-05  0.538661D-03
     36  0.415074D-03  0.156685D-03 -0.250076D-03  0.304792D-03 -0.797230D-03
     37 -0.174360D-03  0.183369D-04  0.133656D-03  0.220014D-03  0.330629D-02
     38 -0.173698D-04  0.144980D-03 -0.834847D-04 -0.225028D-03 -0.548092D-02
     39  0.163235D-03  0.102342D-03 -0.154066D-03 -0.220879D-03 -0.474995D-02
     40  0.606841D-04 -0.331497D-04 -0.170018D-04  0.162016D-04  0.132831D-02
     41  0.127621D-03 -0.488404D-04 -0.114709D-03 -0.111509D-03 -0.924408D-03
     42 -0.238998D-04  0.114495D-04 -0.344031D-04 -0.104415D-03 -0.645533D-03
               11            12            13            14            15 
     11  0.494028D+00
     12 -0.144545D+00  0.576253D+00
     13  0.127233D-01 -0.194240D-01  0.482999D-01
     14 -0.211706D+00  0.140615D+00 -0.101465D-01  0.219948D+00
     15  0.138016D+00 -0.167333D+00  0.297289D-01 -0.153488D+00  0.172145D+00
     16 -0.697663D-01 -0.878014D-02  0.448905D-02  0.425992D-02 -0.661002D-03
     17 -0.168173D+00 -0.319221D-02 -0.168099D-01 -0.145632D-01 -0.362523D-02
     18 -0.326207D-02 -0.876322D-01  0.139204D-01  0.152254D-01  0.430409D-02
     19  0.237531D-02 -0.412558D-02  0.491659D-03 -0.141526D-02 -0.700758D-04
     20  0.965164D-02  0.661125D-02  0.917888D-03  0.578912D-03  0.128820D-03
     21  0.123958D-02  0.208937D-02  0.353548D-03  0.642551D-03  0.689501D-04
     22 -0.913942D-02 -0.262168D-01  0.343924D-03  0.463828D-03  0.910637D-03
     23 -0.520672D-02 -0.229006D-01  0.205472D-03  0.405502D-03  0.474440D-03
     24 -0.120828D-02 -0.216036D-02 -0.660166D-03 -0.327935D-03  0.593779D-03
     25 -0.197225D-01  0.155813D-01 -0.256192D-02 -0.447454D-02 -0.120819D-02
     26 -0.238353D-01  0.147370D-01 -0.229141D-02 -0.104930D-02 -0.622253D-03
     27 -0.511844D-03  0.487360D-02 -0.228645D-02 -0.166062D-02  0.119141D-02
     28 -0.814986D-03 -0.823152D-04  0.667491D-04  0.202269D-03  0.372907D-04
     29  0.126502D-02  0.912963D-04 -0.240529D-03  0.274463D-03  0.176105D-03
     30 -0.776532D-03  0.201705D-03  0.162757D-04 -0.255398D-03 -0.221646D-03
     31  0.102624D-02 -0.930347D-03  0.316399D-03  0.180751D-03 -0.140769D-03
     32 -0.271510D-02  0.434409D-02 -0.107521D-02 -0.102811D-02 -0.143105D-03
     33  0.315502D-02 -0.271814D-02  0.628913D-03  0.102095D-02  0.291200D-03
     34 -0.399405D-05  0.466963D-03 -0.628573D-04 -0.106318D-05 -0.134389D-03
     35  0.987389D-03  0.158971D-04  0.340100D-03  0.371938D-04 -0.287205D-03
     36 -0.927292D-03  0.372185D-03  0.302025D-04  0.118134D-03  0.132244D-03
     37  0.205034D-02  0.267193D-02  0.372460D-03  0.411798D-03 -0.215537D-03
     38 -0.144819D-02 -0.187719D-02  0.309035D-03 -0.464308D-04 -0.289579D-03
     39 -0.975575D-03 -0.191941D-02 -0.433862D-03 -0.422593D-03  0.198853D-03
     40 -0.252987D-03  0.560337D-03 -0.114086D-03 -0.955196D-04  0.172347D-03
     41  0.768720D-03 -0.608534D-03 -0.219190D-03 -0.249018D-03  0.369853D-03
     42  0.281517D-03 -0.149915D-03  0.353537D-03  0.988464D-04 -0.361223D-03
               16            17            18            19            20 
     16  0.414490D+00
     17  0.272528D-01  0.493334D+00
     18  0.222389D-01  0.690267D-02  0.554416D+00
     19 -0.121233D+00  0.453053D-01  0.252830D-01  0.134453D+00
     20  0.157087D-01 -0.501273D-01 -0.819013D-02 -0.199711D-01  0.502500D-01
     21 -0.864692D-02  0.111634D-02 -0.359178D-01  0.882387D-02 -0.674610D-02
     22 -0.316192D-01 -0.593449D-02 -0.897331D-02 -0.105562D-01  0.147971D-01
     23 -0.915496D-02 -0.684384D-01 -0.708579D-01  0.483173D-02 -0.613388D-02
     24 -0.124492D-01 -0.677421D-01 -0.288565D+00  0.384181D-03 -0.264448D-02
     25 -0.706617D-01  0.100128D-01 -0.147227D-01 -0.121684D-01  0.264290D-01
     26  0.793519D-02 -0.159403D+00  0.637856D-01  0.646069D-02 -0.143502D-01
     27 -0.147357D-01  0.632689D-01 -0.130689D+00  0.209041D-02 -0.353332D-02
     28 -0.340267D-02  0.223407D-02 -0.886829D-03  0.176107D-02 -0.198479D-03
     29  0.221944D-01 -0.128448D-01 -0.413067D-02  0.107198D-02 -0.375427D-02
     30 -0.176244D-01  0.910335D-02  0.250412D-02 -0.252368D-02  0.450905D-02
     31  0.353072D-02  0.554254D-02  0.125950D-02  0.804280D-03 -0.188599D-03
     32 -0.189208D-01 -0.181387D-01 -0.583779D-02 -0.214042D-03  0.118782D-03
     33  0.166033D-01  0.146526D-01  0.337723D-02  0.898290D-04 -0.534547D-03
     34 -0.100836D-02 -0.582757D-03 -0.539638D-02  0.439015D-04 -0.458892D-03
     35 -0.154778D-02  0.881764D-02  0.274883D-01 -0.939570D-04  0.908928D-03
     36  0.130150D-02 -0.517619D-02 -0.197012D-01 -0.763035D-03  0.370064D-03
     37 -0.569445D-01  0.187730D-01  0.383979D-02  0.420583D-01 -0.291846D-01
     38  0.387843D-01 -0.129088D-01 -0.448456D-02 -0.298902D-01  0.151820D-01
     39  0.354591D-01 -0.126969D-01 -0.369174D-02 -0.280540D-01  0.158203D-01
     40  0.463849D-02  0.921921D-03  0.240176D-02 -0.252937D-02  0.580165D-02
     41  0.265619D-02 -0.136299D-02 -0.506493D-03 -0.423938D-02 -0.680739D-03
     42  0.316223D-02 -0.141602D-02 -0.820983D-03 -0.506149D-02 -0.191177D-02
               21            22            23            24            25 
     21  0.352769D-01
     22  0.290480D-01  0.437007D-01
     23 -0.128729D-01  0.801420D-02  0.747691D-01
     24 -0.793858D-02  0.127845D-01  0.744401D-01  0.313086D+00
     25 -0.111173D-01 -0.778152D-03  0.666268D-03  0.285648D-03  0.574612D+00
     26  0.606672D-02 -0.126300D-02  0.794986D-02 -0.496483D-02  0.178478D-01
     27  0.235070D-03 -0.459388D-02  0.269643D-01 -0.163673D-01 -0.191766D-02
     28 -0.118867D-02  0.105728D-03  0.194137D-03 -0.322253D-03 -0.254999D+00
     29  0.244513D-02 -0.339903D-03  0.635486D-03 -0.152386D-04  0.103317D+00
     30 -0.485274D-03 -0.230276D-03 -0.653046D-03  0.420089D-03  0.377722D-01
     31  0.115503D-03  0.129928D-03 -0.402379D-03  0.386467D-03 -0.192398D+00
     32 -0.520872D-03  0.818462D-04  0.103516D-02  0.113358D-03 -0.132287D+00
     33  0.517451D-03  0.539934D-03 -0.700481D-03  0.481087D-03 -0.355967D-01
     34 -0.445171D-03  0.591808D-03  0.917396D-03 -0.692603D-03 -0.476061D-01
     35 -0.299799D-03  0.502526D-03 -0.435169D-02  0.341131D-02  0.433963D-02
     36  0.508340D-03 -0.706677D-03  0.379450D-02 -0.798726D-03  0.138846D-01
     37 -0.221887D-01  0.608315D-02 -0.246974D-02  0.118149D-02  0.474679D-02
     38  0.119930D-01 -0.365023D-02  0.142888D-02 -0.497474D-03 -0.292131D-02
     39  0.888173D-02 -0.359812D-02  0.147300D-02  0.984727D-04 -0.340035D-02
     40  0.569827D-02 -0.113368D-02  0.289424D-03 -0.349085D-03 -0.619014D-03
     41 -0.325545D-02 -0.694291D-03  0.219126D-03  0.406204D-03 -0.364231D-03
     42 -0.146241D-02 -0.484403D-03  0.357816D-03  0.136981D-03 -0.765963D-03
               26            27            28            29            30 
     26  0.522025D+00
     27  0.432301D-01  0.542989D+00
     28  0.102776D+00  0.391475D-01  0.276176D+00
     29 -0.970032D-01 -0.197889D-01 -0.114373D+00  0.105280D+00
     30 -0.196130D-01 -0.538920D-01 -0.412626D-01  0.184035D-01  0.558288D-01
     31 -0.134189D+00 -0.347970D-01 -0.191961D-01 -0.192527D-01 -0.566023D-02
     32 -0.167518D+00 -0.323459D-01  0.106668D-01  0.108677D-01  0.329609D-02
     33 -0.334831D-01 -0.553853D-01  0.428822D-02  0.433911D-02 -0.128961D-03
     34  0.359810D-02  0.144288D-01 -0.757983D-03  0.748413D-02  0.282639D-01
     35 -0.682258D-01 -0.733690D-01 -0.658135D-03 -0.479213D-02 -0.130390D-01
     36 -0.720797D-01 -0.293601D+00  0.321584D-04 -0.110171D-02 -0.384938D-02
     37 -0.273725D-02 -0.788228D-03 -0.404618D-03 -0.365822D-03  0.120742D-02
     38  0.212548D-02  0.411109D-03  0.341292D-03  0.240963D-03 -0.981789D-03
     39  0.160412D-02  0.229972D-03  0.277216D-03  0.264647D-03 -0.361650D-03
     40  0.217778D-03  0.178476D-03  0.547939D-04  0.123389D-05 -0.167950D-03
     41 -0.470583D-03 -0.240614D-03 -0.135308D-03  0.241575D-03  0.163531D-03
     42  0.273781D-03  0.747149D-03 -0.370957D-04  0.221193D-03 -0.414104D-03
               31            32            33            34            35 
     31  0.204774D+00
     32  0.144804D+00  0.182633D+00
     33  0.390263D-01  0.322823D-01  0.580250D-01
     34  0.163125D-02 -0.574034D-02 -0.235430D-01  0.478674D-01
     35  0.275514D-02 -0.615245D-02 -0.203307D-01 -0.443902D-02  0.733503D-01
     36  0.317994D-03 -0.126736D-02 -0.436756D-02 -0.137217D-01  0.768003D-01
     37 -0.174820D-04  0.206575D-03 -0.704715D-04  0.495158D-04 -0.176248D-03
     38 -0.194807D-03  0.359876D-03  0.126987D-03 -0.498824D-03  0.235548D-03
     39  0.758100D-04 -0.115294D-03 -0.483741D-04  0.357405D-03 -0.125286D-03
     40 -0.168078D-04 -0.191867D-03 -0.464724D-04  0.159782D-03  0.807042D-04
     41  0.206567D-04  0.551060D-04  0.367090D-04  0.369716D-03 -0.346269D-03
     42  0.751257D-04  0.857883D-04 -0.570412D-04 -0.187496D-03  0.128055D-03
               36            37            38            39            40 
     36  0.320570D+00
     37  0.630167D-03  0.227759D+00
     38 -0.595002D-03  0.165871D+00  0.120319D+00
     39  0.273792D-03  0.199518D+00  0.143038D+00  0.171383D+00
     40 -0.268744D-03 -0.226667D+00 -0.163493D+00 -0.196177D+00  0.225146D+00
     41  0.410236D-03 -0.153401D+00 -0.125362D+00 -0.147275D+00  0.157087D+00
     42 -0.283860D-03 -0.185302D+00 -0.148238D+00 -0.176497D+00  0.189152D+00
               41            42 
     41  0.127737D+00
     42  0.150090D+00  0.179104D+00
