 Hessian
                1             2             3             4             5 
      1  0.538466D+00
      2  0.166658D+00  0.538579D+00
      3  0.311137D+00 -0.147117D+00  0.536405D+00
      4 -0.537554D-01  0.184954D-01 -0.309354D-01  0.472081D-01
      5  0.215895D-01 -0.207801D+00  0.147128D+00 -0.206663D-01  0.213774D+00
      6 -0.321203D-01  0.143759D+00 -0.174693D+00  0.390356D-01 -0.160562D+00
      7 -0.158109D+00 -0.145370D+00 -0.158723D-01  0.527478D-02  0.400363D-02
      8 -0.148733D+00 -0.232917D+00 -0.376541D-02 -0.127859D-01 -0.110581D-01
      9 -0.131660D-01 -0.705998D-03 -0.483171D-01  0.116166D-01  0.145667D-01
     10 -0.305354D+00 -0.309027D-01 -0.232522D+00  0.307158D-02 -0.711152D-03
     11 -0.212775D-01 -0.999688D-01  0.160996D-01  0.179723D-01  0.521094D-02
     12 -0.242699D+00  0.633956D-02 -0.304878D+00 -0.161383D-01 -0.366023D-03
     13  0.131257D-02  0.173304D-01 -0.186339D-01  0.183246D-02 -0.364234D-02
     14 -0.242022D-02  0.512553D-02 -0.138499D-02 -0.380786D-02  0.331077D-02
     15 -0.298311D-02  0.196906D-01 -0.110253D-01 -0.702603D-02  0.219150D-02
     16 -0.255324D-01 -0.194384D-01 -0.232164D-01 -0.222018D-02  0.105338D-02
     17 -0.105638D-01  0.936035D-03 -0.803290D-02  0.234050D-02 -0.144066D-02
     18 -0.186655D-01 -0.189489D-01  0.385588D-02  0.310858D-02 -0.200239D-02
     19  0.520042D-02 -0.213099D-02  0.956748D-02 -0.584380D-03  0.836196D-03
     20 -0.465292D-02 -0.122679D-02 -0.747128D-02 -0.673003D-04 -0.214154D-03
     21 -0.278358D-02 -0.480325D-04 -0.488844D-02 -0.110628D-03 -0.553878D-04
     22  0.265531D-03 -0.336067D-02  0.224808D-02  0.662333D-03 -0.124608D-03
     23 -0.335211D-02 -0.316520D-02 -0.228683D-03  0.231702D-03 -0.227617D-03
     24  0.770296D-03 -0.933292D-03  0.890654D-03  0.340581D-03  0.380001D-04
     25 -0.171643D-02 -0.104584D-02  0.335170D-03 -0.205263D-03 -0.140208D-02
     26  0.113143D-02  0.788200D-04  0.802001D-03 -0.702969D-03 -0.672364D-03
     27 -0.393106D-03 -0.209341D-02 -0.775965D-03 -0.519765D-03 -0.231676D-03
     28  0.285562D-03 -0.555147D-04  0.214546D-03 -0.636363D-04 -0.267560D-03
     29 -0.107175D-03 -0.954968D-04  0.134346D-03 -0.193246D-03 -0.600350D-03
     30  0.451420D-03 -0.133547D-03  0.736017D-03  0.598544D-04 -0.107648D-03
     31  0.712715D-04  0.547485D-04 -0.214106D-03 -0.265888D-04  0.000000D+00
     32  0.303860D-03  0.244794D-03  0.327952D-03  0.263260D-03  0.190271D-03
     33 -0.745687D-03  0.193491D-04 -0.617792D-03  0.325068D-03 -0.418272D-03
     34  0.374289D-03 -0.274334D-03  0.864462D-03 -0.112972D-02 -0.636033D-03
     35 -0.623710D-03  0.495814D-04 -0.579356D-03 -0.103033D-02 -0.553261D-03
     36 -0.350676D-03  0.157482D-03 -0.891012D-05  0.267040D-03 -0.328664D-03
     37 -0.145406D-02  0.542538D-03 -0.207918D-02  0.280173D-04 -0.165897D-03
     38  0.191292D-02  0.448574D-03  0.320596D-02 -0.134889D-03  0.855134D-04
     39  0.136722D-02 -0.320345D-05  0.263886D-02  0.134530D-03  0.282545D-04
     40 -0.542106D-04 -0.502860D-03 -0.893081D-03 -0.920803D-04  0.133541D-03
     41  0.134534D-03 -0.288029D-03  0.881805D-03  0.855743D-04 -0.420510D-05
     42  0.181598D-03  0.178032D-04  0.678815D-03 -0.157747D-03  0.119280D-03
                6             7             8             9            10 
      6  0.180803D+00
      7 -0.888356D-03  0.162188D+00
      8 -0.233709D-02  0.160536D+00  0.238027D+00
      9  0.400516D-02  0.208468D-01  0.316234D-02  0.423140D-01
     10 -0.362856D-02 -0.962938D-02  0.980972D-03 -0.167943D-01  0.508507D+00
     11  0.178393D-01 -0.194748D-01  0.320087D-02 -0.181642D-01  0.102777D+00
     12 -0.106762D-01  0.338878D-03  0.216628D-02  0.223665D-02  0.293505D+00
     13 -0.712321D-02 -0.263722D-02  0.247068D-02  0.344444D-02 -0.517889D-01
     14  0.228880D-02  0.266404D-02 -0.856587D-03 -0.250377D-02  0.135006D-01
     15  0.245793D-02  0.332598D-02 -0.269205D-02 -0.230718D-02 -0.217578D-01
     16  0.374516D-02  0.341740D-02 -0.185116D-02 -0.537207D-02 -0.105695D+00
     17 -0.389149D-03 -0.180823D-02  0.283324D-02  0.367759D-02 -0.827886D-01
     18 -0.250008D-02 -0.769291D-02  0.377011D-02  0.188508D-02 -0.215700D-01
     19  0.877374D-03  0.101799D-02 -0.118179D-02 -0.164881D-02 -0.442295D-01
     20  0.345617D-04  0.861596D-04 -0.317762D-04 -0.101739D-03  0.458453D-02
     21 -0.850734D-04 -0.212215D-03  0.128033D-03  0.201455D-03  0.103785D-01
     22 -0.451949D-03 -0.170838D-02  0.595882D-03  0.495919D-03 -0.745941D-02
     23 -0.300470D-03 -0.129091D-02  0.697773D-03  0.145172D-03  0.260847D-05
     24 -0.678571D-04 -0.108800D-03  0.548983D-04 -0.201954D-04 -0.557883D-03
     25  0.702814D-04 -0.419284D-04 -0.868212D-04  0.535894D-03  0.507476D-02
     26  0.272198D-03  0.572543D-03  0.985738D-05  0.435722D-03  0.424390D-03
     27  0.303055D-03 -0.517407D-04 -0.118080D-04 -0.230849D-03  0.438069D-02
     28 -0.674058D-05  0.125793D-03 -0.464485D-04  0.606514D-04 -0.125625D-03
     29 -0.705234D-03 -0.380549D-04  0.201734D-03 -0.208259D-03  0.462773D-03
     30 -0.298661D-03 -0.951860D-04  0.119082D-03 -0.942858D-04 -0.232020D-03
     31  0.441077D-03  0.111519D-03 -0.157372D-03  0.833368D-04  0.193467D-03
     32 -0.238802D-03 -0.126633D-03  0.691964D-04 -0.402766D-04  0.215801D-02
     33  0.232952D-03  0.987814D-04 -0.172953D-03  0.259534D-03 -0.146898D-02
     34  0.119961D-03  0.170395D-04  0.169926D-03 -0.205392D-03 -0.470302D-03
     35  0.294232D-03  0.575233D-04  0.176919D-04  0.180584D-04  0.412254D-03
     36  0.400955D-03  0.125400D-03 -0.230550D-03  0.322820D-03 -0.814258D-03
     37 -0.141834D-03 -0.231611D-04  0.130205D-03  0.128323D-03  0.743334D-02
     38 -0.796949D-04  0.194790D-03 -0.779499D-04 -0.157406D-03 -0.886982D-02
     39  0.135307D-03  0.142853D-03 -0.150579D-03 -0.144309D-03 -0.732774D-02
     40  0.715784D-04 -0.350889D-05 -0.411294D-04 -0.254455D-04  0.471854D-03
     41  0.124328D-03 -0.602990D-05 -0.115884D-03 -0.123941D-03 -0.203122D-02
     42 -0.171982D-04  0.427956D-04 -0.402919D-04 -0.110807D-03 -0.159034D-02
               11            12            13            14            15 
     11  0.490318D+00
     12 -0.154187D+00  0.569632D+00
     13  0.133388D-01 -0.191484D-01  0.486082D-01
     14 -0.212327D+00  0.141399D+00 -0.966298D-02  0.220094D+00
     15  0.138428D+00 -0.169235D+00  0.294627D-01 -0.154295D+00  0.173695D+00
     16 -0.633406D-01 -0.363534D-04  0.352566D-02  0.440151D-02  0.175645D-04
     17 -0.167548D+00  0.231905D-02 -0.174441D-01 -0.143829D-01 -0.306888D-02
     18 -0.338598D-02 -0.916936D-01  0.142437D-01  0.149932D-01  0.430336D-02
     19 -0.440786D-02 -0.796954D-02  0.985792D-03 -0.122963D-02 -0.502577D-03
     20  0.108459D-01  0.971491D-02  0.142697D-03  0.455221D-03  0.399375D-03
     21  0.364546D-02  0.481807D-02  0.101742D-03  0.739388D-03  0.234158D-03
     22 -0.996015D-02 -0.267370D-01  0.118972D-03  0.516944D-03  0.103279D-02
     23 -0.207461D-02 -0.215757D-01  0.334590D-03  0.402155D-03  0.361116D-03
     24 -0.255931D-03 -0.102720D-02 -0.643220D-03 -0.300369D-03  0.605235D-03
     25 -0.195420D-01  0.157130D-01 -0.235284D-02 -0.453973D-02 -0.142871D-02
     26 -0.240368D-01  0.137955D-01 -0.232424D-02 -0.981548D-03 -0.590909D-03
     27  0.390817D-03  0.567299D-02 -0.239627D-02 -0.148611D-02  0.137479D-02
     28 -0.112168D-02 -0.373748D-03  0.681401D-04  0.182662D-03  0.211362D-04
     29  0.115741D-02  0.841195D-04 -0.271971D-03  0.312558D-03  0.232429D-03
     30 -0.584132D-03  0.322177D-03  0.373563D-04 -0.272628D-03 -0.251442D-03
     31  0.983835D-03 -0.100493D-02  0.327450D-03  0.189203D-03 -0.142678D-03
     32 -0.257826D-02  0.442392D-02 -0.104904D-02 -0.996919D-03 -0.155216D-03
     33  0.341858D-02 -0.247737D-02  0.592948D-03  0.100329D-02  0.313137D-03
     34 -0.248580D-03  0.211600D-03 -0.474738D-04 -0.681537D-05 -0.141095D-03
     35  0.649413D-03 -0.180140D-03  0.354269D-03  0.782140D-05 -0.314854D-03
     36 -0.779136D-03  0.387174D-03  0.208934D-04  0.120187D-03  0.133810D-03
     37  0.465349D-02  0.415574D-02  0.166781D-03  0.332627D-03 -0.668871D-04
     38 -0.331617D-02 -0.297153D-02  0.589342D-03  0.555847D-04 -0.504561D-03
     39 -0.243334D-02 -0.255291D-02 -0.315787D-03 -0.370055D-03  0.650244D-04
     40 -0.352575D-03  0.183583D-03 -0.119572D-03 -0.120341D-03  0.188654D-03
     41  0.465802D-03 -0.962582D-03 -0.166119D-03 -0.219212D-03  0.318247D-03
     42 -0.325014D-04 -0.528134D-03  0.356951D-03  0.687652D-04 -0.363894D-03
               16            17            18            19            20 
     16  0.276579D+00
     17  0.828223D-01  0.466013D+00
     18  0.660334D-01 -0.480103D-02  0.555888D+00
     19  0.183877D-01 -0.626363D-02 -0.255599D-02 -0.457265D-02
     20 -0.483250D-01 -0.179608D-01  0.609351D-02  0.504849D-01  0.189174D-01
     21 -0.438260D-01  0.133530D-01 -0.199425D-01  0.486692D-01 -0.255216D-01
     22 -0.285792D-01 -0.111869D-01 -0.253086D-01 -0.114583D-01  0.135985D-01
     23 -0.174200D-01 -0.666103D-01 -0.664084D-01  0.528810D-02 -0.599938D-02
     24 -0.333129D-01 -0.630688D-01 -0.296646D+00 -0.135248D-03 -0.229283D-02
     25 -0.652338D-01  0.578929D-02 -0.179856D-01 -0.145515D-01  0.226266D-01
     26  0.265810D-02 -0.158056D+00  0.648380D-01  0.857461D-02 -0.134141D-01
     27 -0.152362D-01  0.615321D-01 -0.129982D+00  0.190822D-02 -0.286287D-02
     28 -0.358530D-02  0.334111D-02 -0.130171D-02  0.178867D-02 -0.393572D-03
     29  0.216798D-01 -0.136124D-01 -0.325411D-02  0.865325D-03 -0.283242D-02
     30 -0.167384D-01  0.879866D-02  0.171478D-02 -0.212897D-02  0.343048D-02
     31  0.373588D-02  0.583603D-02  0.141704D-02  0.679333D-03 -0.113300D-03
     32 -0.187349D-01 -0.186226D-01 -0.589864D-02 -0.811834D-03  0.338961D-04
     33  0.163203D-01  0.142036D-01  0.364913D-02  0.321657D-03 -0.417503D-03
     34 -0.118141D-02  0.219274D-03 -0.593821D-02  0.131207D-03 -0.302317D-03
     35 -0.599953D-03  0.889936D-02  0.275843D-01 -0.392816D-03  0.756621D-03
     36  0.269844D-03 -0.462949D-02 -0.196266D-01  0.987576D-04 -0.265868D-04
     37 -0.804687D-01  0.295817D-01  0.142616D-01  0.491657D-01 -0.481088D-01
     38  0.530419D-01 -0.187153D-01 -0.115961D-01 -0.414970D-01  0.125931D-01
     39  0.464710D-01 -0.179318D-01 -0.948344D-02 -0.373362D-01  0.217935D-01
     40  0.685047D-02  0.125006D-03  0.195413D-02 -0.196049D-02  0.104399D-01
     41  0.405301D-02 -0.173337D-02 -0.983545D-03 -0.813363D-02 -0.192288D-02
     42  0.488100D-02 -0.196197D-02 -0.142183D-02 -0.916535D-02 -0.277184D-02
               21            22            23            24            25 
     21  0.267140D-01
     22  0.227179D-01  0.416334D-01
     23 -0.106772D-01  0.154276D-01  0.701297D-01
     24 -0.713872D-02  0.344348D-01  0.680160D-01  0.317589D+00
     25 -0.446383D-02  0.493704D-03  0.222753D-02 -0.787455D-03  0.565647D+00
     26  0.293192D-02 -0.142549D-02  0.793233D-02 -0.486254D-02  0.264904D-01
     27 -0.393032D-03 -0.497844D-02  0.264984D-01 -0.148578D-01 -0.235329D-02
     28 -0.129866D-02  0.126777D-03  0.285476D-03 -0.267591D-03 -0.252247D+00
     29  0.167154D-02 -0.419892D-03  0.407753D-03  0.130255D-03  0.102850D+00
     30  0.708777D-04  0.353618D-03 -0.649160D-03  0.123670D-03  0.380809D-01
     31  0.166379D-04  0.127481D-03 -0.393573D-03  0.365620D-03 -0.192571D+00
     32 -0.110840D-03  0.299888D-03  0.106048D-02  0.704322D-04 -0.133186D+00
     33  0.199733D-03  0.526111D-03 -0.741381D-03  0.546467D-03 -0.359394D-01
     34 -0.593780D-03  0.635507D-03  0.102458D-02 -0.791782D-03 -0.467044D-01
     35  0.356901D-03  0.472351D-03 -0.433603D-02  0.322203D-02  0.311240D-02
     36 -0.106729D-03 -0.318162D-03  0.356848D-02 -0.723881D-03  0.125676D-01
     37 -0.389816D-01  0.659360D-02 -0.282018D-02  0.106812D-02  0.529950D-02
     38  0.187615D-01 -0.371699D-02  0.151067D-02 -0.206851D-03 -0.293858D-02
     39  0.293004D-02 -0.347702D-02  0.158304D-02  0.584403D-03 -0.341809D-02
     40  0.103863D-01 -0.145206D-02  0.454587D-03 -0.374617D-03 -0.891310D-03
     41 -0.517470D-02 -0.716505D-03  0.272244D-03  0.389039D-03 -0.354986D-03
     42 -0.261385D-02 -0.538007D-03  0.408779D-03  0.142539D-03 -0.926469D-03
               26            27            28            29            30 
     26  0.517434D+00
     27  0.447808D-01  0.542954D+00
     28  0.100703D+00  0.412146D-01  0.274012D+00
     29 -0.947524D-01 -0.207877D-01 -0.112827D+00  0.103333D+00
     30 -0.194443D-01 -0.530332D-01 -0.430478D-01  0.191869D-01  0.551465D-01
     31 -0.135161D+00 -0.349605D-01 -0.191960D-01 -0.191648D-01 -0.562761D-02
     32 -0.167976D+00 -0.324783D-01  0.105844D-01  0.107303D-01  0.314511D-02
     33 -0.335442D-01 -0.560399D-01  0.447821D-02  0.441444D-02 -0.149682D-04
     34  0.222975D-02  0.135739D-01 -0.759885D-03  0.732381D-02  0.282276D-01
     35 -0.677805D-01 -0.729792D-01 -0.638427D-03 -0.455488D-02 -0.129335D-01
     36 -0.715963D-01 -0.295776D+00 -0.263911D-04 -0.119961D-02 -0.399803D-02
     37 -0.347089D-02 -0.502837D-03 -0.488803D-03 -0.192749D-03  0.903740D-03
     38  0.263212D-02 -0.525594D-04  0.359692D-03  0.116766D-03 -0.713191D-03
     39  0.178601D-02  0.742218D-04  0.343779D-03  0.903409D-04 -0.247902D-04
     40  0.300453D-03  0.314869D-03  0.595275D-04  0.335885D-04 -0.244470D-03
     41 -0.417162D-03 -0.218329D-03 -0.105640D-03  0.188629D-03  0.157820D-03
     42  0.396125D-03  0.709755D-03 -0.102681D-04  0.210533D-03 -0.398625D-03
               31            32            33            34            35 
     31  0.205035D+00
     32  0.145461D+00  0.183385D+00
     33  0.392021D-01  0.323469D-01  0.581843D-01
     34  0.152136D-02 -0.550238D-02 -0.235126D-01  0.474259D-01
     35  0.272641D-02 -0.592291D-02 -0.203462D-01 -0.379704D-02  0.729453D-01
     36  0.310278D-03 -0.119887D-02 -0.417279D-02 -0.120929D-01  0.760588D-01
     37 -0.171396D-04  0.521079D-03 -0.166023D-03  0.618721D-04 -0.127773D-03
     38 -0.258327D-03  0.292776D-03  0.190008D-03 -0.556016D-03  0.203181D-03
     39  0.492744D-04 -0.279622D-03 -0.146737D-04  0.468447D-03 -0.304051D-03
     40  0.805512D-05 -0.180400D-03 -0.324729D-04  0.125998D-03  0.748333D-04
     41 -0.233975D-05  0.902604D-04  0.443035D-04  0.356174D-03 -0.381390D-03
     42  0.644870D-04  0.862244D-04 -0.477342D-04 -0.190099D-03  0.103020D-03
               36            37            38            39            40 
     36  0.322703D+00
     37  0.239947D-03  0.230860D+00
     38 -0.293777D-03  0.166628D+00  0.141425D+00
     39  0.665167D-03  0.198916D+00  0.155073D+00  0.194101D+00
     40 -0.297355D-03 -0.217157D+00 -0.164755D+00 -0.196018D+00  0.214214D+00
     41  0.378077D-03 -0.147503D+00 -0.137254D+00 -0.158881D+00  0.154390D+00
     42 -0.199698D-03 -0.177735D+00 -0.160655D+00 -0.188974D+00  0.184786D+00
               41            42 
     41  0.141319D+00
     42  0.164051D+00  0.193144D+00
