 Hessian
                1             2             3             4             5 
      1  0.542281D+00
      2  0.166647D+00  0.539694D+00
      3  0.319809D+00 -0.144458D+00  0.542861D+00
      4 -0.534116D-01  0.189017D-01 -0.308604D-01  0.474891D-01
      5  0.217727D-01 -0.208057D+00  0.146426D+00 -0.212856D-01  0.214493D+00
      6 -0.325179D-01  0.143075D+00 -0.173205D+00  0.390530D-01 -0.159850D+00
      7 -0.156400D+00 -0.144840D+00 -0.164982D-01  0.501542D-02  0.414553D-02
      8 -0.147944D+00 -0.233080D+00 -0.489018D-02 -0.126872D-01 -0.114203D-01
      9 -0.138715D-01 -0.144901D-02 -0.481876D-01  0.116296D-01  0.143908D-01
     10 -0.315853D+00 -0.317405D-01 -0.246051D+00  0.281440D-02 -0.607884D-03
     11 -0.268041D-01 -0.102073D+00  0.938554D-02  0.177376D-01  0.537324D-02
     12 -0.251159D+00  0.435233D-02 -0.314119D+00 -0.161619D-01 -0.131317D-03
     13  0.154509D-02  0.174851D-01 -0.185129D-01  0.198354D-02 -0.369577D-02
     14 -0.276954D-02  0.485836D-02 -0.138211D-02 -0.380982D-02  0.333319D-02
     15 -0.328274D-02  0.198277D-01 -0.111048D-01 -0.720522D-02  0.226055D-02
     16 -0.169959D-01 -0.186481D-01 -0.125738D-01 -0.238480D-02  0.129770D-02
     17 -0.764038D-02  0.281640D-02 -0.458239D-02  0.267430D-02 -0.188712D-02
     18 -0.190454D-01 -0.177514D-01  0.225844D-02  0.320708D-02 -0.220497D-02
     19  0.103871D-02 -0.374561D-02  0.375709D-02 -0.642765D-03  0.843531D-03
     20 -0.175054D-02 -0.162224D-02 -0.245974D-02 -0.418965D-03  0.924834D-04
     21 -0.442307D-03 -0.340677D-04 -0.104535D-02 -0.211165D-03  0.170693D-03
     22 -0.100517D-02 -0.309497D-02  0.142536D-02  0.744629D-03 -0.229783D-03
     23 -0.220011D-02 -0.275991D-02  0.562097D-03  0.334083D-03 -0.301260D-03
     24  0.946092D-03 -0.107601D-02  0.121787D-02  0.418129D-03  0.755435D-05
     25 -0.122711D-02 -0.136061D-02  0.627187D-03 -0.463519D-03 -0.134453D-02
     26  0.995327D-03  0.459198D-03  0.287394D-03 -0.536356D-03 -0.741975D-03
     27 -0.209656D-03 -0.213488D-02 -0.216409D-03 -0.412492D-03 -0.385757D-03
     28  0.124921D-03  0.124097D-03 -0.143135D-03  0.259069D-04 -0.330624D-03
     29 -0.305213D-03  0.491689D-05  0.486076D-05 -0.121002D-03 -0.643986D-03
     30  0.531430D-03 -0.180893D-03  0.754550D-03  0.139784D-04 -0.708882D-04
     31  0.428099D-04  0.686395D-04 -0.280556D-03 -0.138745D-04  0.000000D+00
     32  0.331967D-03  0.219857D-03  0.387147D-03  0.255749D-03  0.199578D-03
     33 -0.644015D-03  0.516953D-04 -0.452982D-03  0.336758D-03 -0.453566D-03
     34  0.228920D-03 -0.221414D-03  0.618231D-03 -0.112111D-02 -0.553616D-03
     35 -0.695642D-03  0.422452D-04 -0.726544D-03 -0.102372D-02 -0.499044D-03
     36 -0.345884D-03  0.239616D-03  0.351957D-04  0.263313D-03 -0.309865D-03
     37 -0.197601D-03  0.897219D-03 -0.312277D-04  0.397892D-04 -0.135480D-03
     38  0.619366D-03 -0.538559D-04  0.116853D-02 -0.121925D-03  0.682414D-04
     39  0.378275D-03 -0.397028D-03  0.112941D-02  0.949406D-04  0.268964D-04
     40 -0.171863D-03 -0.471688D-03 -0.128540D-02 -0.751476D-04  0.124280D-03
     41 -0.256657D-03 -0.448195D-03  0.277769D-03  0.101096D-03 -0.908487D-05
     42 -0.145752D-03 -0.646901D-04  0.745485D-04 -0.165660D-03  0.123515D-03
                6             7             8             9            10 
      6  0.179625D+00
      7 -0.637584D-03  0.160885D+00
      8 -0.254891D-02  0.159827D+00  0.238799D+00
      9  0.378511D-02  0.215167D-01  0.449686D-02  0.426294D-01
     10 -0.356367D-02 -0.103120D-01  0.126948D-02 -0.162775D-01  0.532606D+00
     11  0.182299D-01 -0.196079D-01  0.280610D-02 -0.190100D-01  0.109582D+00
     12 -0.106885D-01 -0.401658D-04  0.221643D-02  0.180499D-02  0.308604D+00
     13 -0.732804D-02 -0.275038D-02  0.253673D-02  0.360392D-02 -0.524016D-01
     14  0.240200D-02  0.274081D-02 -0.829669D-03 -0.257134D-02  0.145724D-01
     15  0.250156D-02  0.339785D-02 -0.277026D-02 -0.243980D-02 -0.213365D-01
     16  0.398549D-02  0.421381D-02 -0.244808D-02 -0.585474D-02 -0.129627D+00
     17 -0.815706D-03 -0.190631D-02  0.326628D-02  0.452954D-02 -0.774504D-01
     18 -0.258254D-02 -0.763821D-02  0.405638D-02  0.250203D-02 -0.145128D-01
     19  0.918693D-03  0.737269D-03 -0.111355D-02 -0.184998D-02 -0.308643D-01
     20  0.297948D-03  0.624998D-03 -0.545476D-03 -0.922081D-03 -0.158734D-01
     21  0.134119D-03  0.542262D-04 -0.201844D-03 -0.176868D-03 -0.228079D-02
     22 -0.578847D-03 -0.172621D-02  0.633658D-03  0.517737D-03 -0.408616D-02
     23 -0.385535D-03 -0.139780D-02  0.804958D-03  0.471193D-03  0.537313D-03
     24 -0.154066D-03 -0.255562D-03  0.529616D-04  0.111657D-04 -0.195344D-02
     25  0.168806D-03  0.128898D-03 -0.123239D-03  0.397624D-03  0.397883D-02
     26  0.158185D-03  0.497213D-03  0.664344D-04  0.543458D-03  0.578912D-03
     27  0.111872D-03 -0.166610D-03  0.437016D-04 -0.141040D-03  0.394086D-02
     28 -0.469659D-04  0.659722D-04 -0.164296D-04  0.140697D-03  0.414715D-03
     29 -0.750493D-03 -0.103190D-03  0.225934D-03 -0.164821D-03  0.104284D-02
     30 -0.244446D-03 -0.524268D-04  0.104611D-03 -0.113106D-03 -0.211575D-03
     31  0.455001D-03  0.105334D-03 -0.167522D-03  0.924739D-04  0.331696D-03
     32 -0.220458D-03 -0.112174D-03  0.552999D-04 -0.448184D-04  0.216102D-02
     33  0.209239D-03  0.877144D-04 -0.165538D-03  0.279252D-03 -0.170306D-02
     34  0.159813D-03  0.219389D-04  0.165581D-03 -0.204122D-03  0.220128D-04
     35  0.330211D-03  0.880120D-04  0.451307D-05 -0.153802D-04  0.549120D-03
     36  0.408115D-03  0.161828D-03 -0.249909D-03  0.302545D-03 -0.774559D-03
     37 -0.127830D-03  0.495506D-04  0.826516D-04  0.140048D-03  0.154199D-02
     38 -0.478801D-04  0.108101D-03 -0.420140D-04 -0.154853D-03 -0.400944D-02
     39  0.128415D-03  0.689830D-04 -0.114593D-03 -0.159680D-03 -0.347145D-02
     40  0.599925D-04 -0.340776D-04 -0.150470D-04  0.190113D-04  0.143369D-02
     41  0.125355D-03 -0.635569D-04 -0.110173D-03 -0.995267D-04 -0.611425D-03
     42 -0.289691D-04  0.137255D-05 -0.297081D-04 -0.963243D-04 -0.408166D-03
               11            12            13            14            15 
     11  0.494553D+00
     12 -0.142502D+00  0.577288D+00
     13  0.125197D-01 -0.193863D-01  0.482006D-01
     14 -0.211623D+00  0.140374D+00 -0.102084D-01  0.219959D+00
     15  0.137851D+00 -0.166955D+00  0.297444D-01 -0.153256D+00  0.171800D+00
     16 -0.695915D-01 -0.106154D-01  0.453345D-02  0.407322D-02 -0.666285D-03
     17 -0.168147D+00 -0.403547D-02 -0.165571D-01 -0.145315D-01 -0.379821D-02
     18 -0.343530D-02 -0.867889D-01  0.138489D-01  0.153345D-01  0.435867D-02
     19  0.326120D-02 -0.312770D-02  0.483330D-03 -0.126095D-02 -0.693328D-04
     20  0.973876D-02  0.533287D-02  0.984772D-03  0.494804D-03  0.144260D-03
     21  0.984312D-03  0.112140D-02  0.354717D-03  0.514609D-03  0.820573D-04
     22 -0.926514D-02 -0.259436D-01  0.390418D-03  0.480333D-03  0.874766D-03
     23 -0.596513D-02 -0.232781D-01  0.175973D-03  0.397433D-03  0.520968D-03
     24 -0.155206D-02 -0.268959D-02 -0.660739D-03 -0.333685D-03  0.585760D-03
     25 -0.195730D-01  0.156409D-01 -0.253139D-02 -0.443152D-02 -0.120119D-02
     26 -0.238423D-01  0.150863D-01 -0.233063D-02 -0.108679D-02 -0.618872D-03
     27 -0.790197D-03  0.480514D-02 -0.228683D-02 -0.174114D-02  0.114104D-02
     28 -0.747593D-03 -0.339518D-04  0.623093D-04  0.205652D-03  0.437739D-04
     29  0.124913D-02  0.887640D-04 -0.243993D-03  0.260484D-03  0.168082D-03
     30 -0.804771D-03  0.200932D-03  0.203991D-04 -0.244578D-03 -0.219042D-03
     31  0.102986D-02 -0.917520D-03  0.311336D-03  0.178329D-03 -0.139069D-03
     32 -0.272483D-02  0.434695D-02 -0.107612D-02 -0.103739D-02 -0.144044D-03
     33  0.310185D-02 -0.279613D-02  0.632536D-03  0.102922D-02  0.293530D-03
     34  0.377135D-04  0.522377D-03 -0.651524D-04  0.120952D-05 -0.134152D-03
     35  0.106922D-02  0.531802D-04  0.344330D-03  0.466417D-04 -0.282018D-03
     36 -0.981158D-03  0.402109D-03  0.280022D-04  0.120332D-03  0.132402D-03
     37  0.162348D-02  0.197237D-02  0.348603D-03  0.319257D-03 -0.195657D-03
     38 -0.120543D-02 -0.137583D-02  0.296256D-03  0.960972D-05 -0.282931D-03
     39 -0.796852D-03 -0.152315D-02 -0.416794D-03 -0.357996D-03  0.190679D-03
     40 -0.202160D-03  0.646528D-03 -0.110075D-03 -0.910591D-04  0.169414D-03
     41  0.791932D-03 -0.528382D-03 -0.230859D-03 -0.250864D-03  0.379326D-03
     42  0.319137D-03 -0.617478D-04  0.358784D-03  0.112034D-03 -0.366412D-03
               16            17            18            19            20 
     16  0.451541D+00
     17  0.123839D-01  0.497674D+00
     18  0.135180D-01  0.814993D-02  0.551485D+00
     19 -0.163605D+00  0.588391D-01  0.273969D-01  0.181258D+00
     20  0.350383D-01 -0.575242D-01 -0.912724D-02 -0.428585D-01  0.615201D-01
     21 -0.559628D-04 -0.936714D-03 -0.374779D-01 -0.250705D-02 -0.383697D-03
     22 -0.331439D-01 -0.334768D-02 -0.207870D-02 -0.919228D-02  0.141147D-01
     23 -0.593989D-02 -0.694359D-01 -0.728587D-01  0.421390D-02 -0.569115D-02
     24 -0.472085D-02 -0.696080D-01 -0.285945D+00  0.523874D-03 -0.249260D-02
     25 -0.730754D-01  0.109378D-01 -0.138405D-01 -0.973244D-02  0.259342D-01
     26  0.917255D-02 -0.159169D+00  0.637257D-01  0.520584D-02 -0.137951D-01
     27 -0.139117D-01  0.634839D-01 -0.131175D+00  0.157173D-02 -0.314691D-02
     28 -0.322908D-02  0.197820D-02 -0.880887D-03  0.166973D-02 -0.112980D-03
     29  0.225166D-01 -0.127236D-01 -0.416736D-02  0.779580D-03 -0.371242D-02
     30 -0.182950D-01  0.935806D-02  0.254656D-02 -0.208445D-02  0.442414D-02
     31  0.350556D-02  0.544747D-02  0.120659D-02  0.765529D-03 -0.149286D-03
     32 -0.188075D-01 -0.180662D-01 -0.583126D-02 -0.156439D-03  0.182953D-03
     33  0.166575D-01  0.147896D-01  0.337577D-02  0.470025D-04 -0.553342D-03
     34 -0.935502D-03 -0.773624D-03 -0.519830D-02  0.374606D-04 -0.499502D-03
     35 -0.183790D-02  0.887431D-02  0.273015D-01 -0.555707D-04  0.928852D-03
     36  0.143598D-02 -0.526011D-02 -0.197019D-01 -0.725878D-03  0.317008D-03
     37 -0.448588D-01  0.143705D-01  0.159249D-02  0.306311D-01 -0.199934D-01
     38  0.306252D-01 -0.998857D-02 -0.277280D-02 -0.207120D-01  0.106564D-01
     39  0.285155D-01 -0.100400D-01 -0.222366D-02 -0.198412D-01  0.105235D-01
     40  0.406120D-02  0.104429D-02  0.242483D-02 -0.258417D-02  0.495949D-02
     41  0.216560D-02 -0.115770D-02 -0.418942D-03 -0.324064D-02 -0.723775D-03
     42  0.258122D-02 -0.123443D-02 -0.631229D-03 -0.400972D-02 -0.195414D-02
               21            22            23            24            25 
     21  0.396443D-01
     22  0.295105D-01  0.441417D-01
     23 -0.127293D-01  0.532422D-02  0.763055D-01
     24 -0.743740D-02  0.478665D-02  0.766994D-01  0.311165D+00
     25 -0.133900D-01 -0.746555D-03 -0.131604D-04  0.636135D-03  0.576278D+00
     26  0.681122D-02 -0.125791D-02  0.796436D-02 -0.504439D-02  0.162657D-01
     27  0.483002D-03 -0.458433D-02  0.270555D-01 -0.169246D-01 -0.192407D-02
     28 -0.108088D-02  0.114428D-03  0.174139D-03 -0.342182D-03 -0.255738D+00
     29  0.271822D-02 -0.364848D-03  0.714961D-03 -0.570247D-04  0.103526D+00
     30 -0.880791D-03 -0.297112D-03 -0.676357D-03  0.489315D-03  0.370947D-01
     31  0.170103D-03  0.100113D-03 -0.398702D-03  0.392191D-03 -0.192063D+00
     32 -0.563957D-03  0.313767D-04  0.101781D-02  0.115120D-03 -0.132109D+00
     33  0.600298D-03  0.540636D-03 -0.698169D-03  0.468859D-03 -0.355932D-01
     34 -0.409868D-03  0.577601D-03  0.866635D-03 -0.659007D-03 -0.478580D-01
     35 -0.419013D-03  0.500601D-03 -0.432674D-02  0.348038D-02  0.479357D-02
     36  0.485423D-03 -0.780171D-03  0.383486D-02 -0.858857D-03  0.147621D-01
     37 -0.145766D-01  0.486221D-02 -0.191321D-02  0.123623D-02  0.361006D-02
     38  0.710560D-02 -0.286803D-02  0.108678D-02 -0.589068D-03 -0.216726D-02
     39  0.598888D-02 -0.294239D-02  0.114738D-02 -0.537170D-04 -0.271475D-02
     40  0.486498D-02 -0.103087D-02  0.236627D-03 -0.347526D-03 -0.560813D-03
     41 -0.303610D-02 -0.656547D-03  0.188236D-03  0.397423D-03 -0.335249D-03
     42 -0.152116D-02 -0.450573D-03  0.334689D-03  0.126009D-03 -0.663839D-03
               26            27            28            29            30 
     26  0.522512D+00
     27  0.429879D-01  0.542948D+00
     28  0.103280D+00  0.380671D-01  0.276806D+00
     29 -0.974667D-01 -0.192735D-01 -0.114762D+00  0.105657D+00
     30 -0.193677D-01 -0.537272D-01 -0.401449D-01  0.178539D-01  0.557368D-01
     31 -0.133974D+00 -0.348285D-01 -0.192072D-01 -0.192998D-01 -0.567757D-02
     32 -0.167583D+00 -0.324378D-01  0.106776D-01  0.109029D-01  0.332043D-02
     33 -0.335860D-01 -0.553346D-01  0.418676D-02  0.425797D-02 -0.167606D-03
     34  0.407899D-02  0.151411D-01 -0.829668D-03  0.757691D-02  0.282679D-01
     35 -0.685402D-01 -0.736956D-01 -0.629009D-03 -0.486199D-02 -0.130626D-01
     36 -0.725160D-01 -0.292743D+00  0.510985D-04 -0.107459D-02 -0.373544D-02
     37 -0.216521D-02 -0.548266D-03 -0.329098D-03 -0.240787D-03  0.985803D-03
     38  0.170785D-02  0.298988D-03  0.301973D-03  0.148951D-03 -0.832773D-03
     39  0.131006D-02  0.340035D-04  0.227244D-03  0.189219D-03 -0.237004D-03
     40  0.189797D-03  0.151529D-03  0.484004D-04  0.000000D+00 -0.151190D-03
     41 -0.485157D-03 -0.264306D-03 -0.142573D-03  0.244983D-03  0.179457D-03
     42  0.222766D-03  0.738370D-03 -0.437808D-04  0.206808D-03 -0.403534D-03
               31            32            33            34            35 
     31  0.204413D+00
     32  0.144641D+00  0.182684D+00
     33  0.390710D-01  0.323955D-01  0.580601D-01
     34  0.170994D-02 -0.582345D-02 -0.235196D-01  0.480098D-01
     35  0.280968D-02 -0.623473D-02 -0.203206D-01 -0.476273D-02  0.736225D-01
     36  0.328616D-03 -0.129551D-02 -0.442264D-02 -0.147333D-01  0.773207D-01
     37  0.193054D-04  0.177874D-03 -0.495082D-04  0.385322D-04 -0.165490D-03
     38 -0.208087D-03  0.343250D-03  0.114766D-03 -0.468279D-03  0.216684D-03
     39  0.524834D-04 -0.107759D-03 -0.542012D-04  0.334433D-03 -0.968772D-04
     40 -0.210082D-04 -0.192149D-03 -0.505468D-04  0.163151D-03  0.847553D-04
     41  0.230529D-04  0.400753D-04  0.365981D-04  0.375580D-03 -0.342201D-03
     42  0.747308D-04  0.803636D-04 -0.588065D-04 -0.185531D-03  0.132736D-03
               36            37            38            39            40 
     36  0.319718D+00
     37  0.587776D-03  0.238588D+00
     38 -0.574788D-03  0.161997D+00  0.117148D+00
     39  0.276610D-03  0.196593D+00  0.140484D+00  0.167129D+00
     40 -0.258913D-03 -0.234344D+00 -0.163393D+00 -0.196879D+00  0.233225D+00
     41  0.429442D-03 -0.154854D+00 -0.120096D+00 -0.141770D+00  0.157726D+00
     42 -0.299002D-03 -0.187579D+00 -0.142541D+00 -0.170626D+00  0.190636D+00
               41            42 
     41  0.122358D+00
     42  0.144292D+00  0.173154D+00
