 Hessian
                1             2             3             4             5 
      1  0.542061D+00
      2  0.166636D+00  0.540068D+00
      3  0.317628D+00 -0.145150D+00  0.540493D+00
      4 -0.535339D-01  0.188368D-01 -0.307989D-01  0.475028D-01
      5  0.217932D-01 -0.208855D+00  0.146617D+00 -0.211493D-01  0.215206D+00
      6 -0.322788D-01  0.143118D+00 -0.172688D+00  0.389729D-01 -0.159945D+00
      7 -0.157188D+00 -0.145110D+00 -0.163891D-01  0.507399D-02  0.412853D-02
      8 -0.148221D+00 -0.232814D+00 -0.462683D-02 -0.127261D-01 -0.112937D-01
      9 -0.136893D-01 -0.125164D-02 -0.481788D-01  0.116239D-01  0.143540D-01
     10 -0.313620D+00 -0.315529D-01 -0.243025D+00  0.287260D-02 -0.628446D-03
     11 -0.255441D-01 -0.101700D+00  0.108274D-01  0.178049D-01  0.530111D-02
     12 -0.249133D+00  0.495105D-02 -0.312098D+00 -0.161523D-01 -0.195921D-03
     13  0.150023D-02  0.174315D-01 -0.184732D-01  0.194686D-02 -0.367663D-02
     14 -0.268203D-02  0.495463D-02 -0.140096D-02 -0.381349D-02  0.332117D-02
     15 -0.321673D-02  0.197775D-01 -0.110262D-01 -0.715611D-02  0.223447D-02
     16 -0.191015D-01 -0.181951D-01 -0.152934D-01 -0.226671D-02  0.112000D-02
     17 -0.822207D-02  0.217248D-02 -0.503326D-02  0.259751D-02 -0.174185D-02
     18 -0.190250D-01 -0.181527D-01  0.277862D-02  0.318833D-02 -0.213588D-02
     19  0.215076D-02 -0.392658D-02  0.570297D-02 -0.724797D-03  0.958325D-03
     20 -0.245365D-02 -0.104211D-02 -0.407585D-02 -0.272017D-03 -0.671772D-04
     21 -0.103548D-02  0.314357D-03 -0.230718D-02 -0.149773D-03  0.463868D-04
     22 -0.713718D-03 -0.332035D-02  0.169337D-02  0.713546D-03 -0.180200D-03
     23 -0.250041D-02 -0.285468D-02  0.341868D-03  0.295676D-03 -0.276361D-03
     24  0.920121D-03 -0.101403D-02  0.109591D-02  0.386250D-03  0.202977D-04
     25 -0.132586D-02 -0.134051D-02  0.634634D-03 -0.424497D-03 -0.138470D-02
     26  0.100639D-02  0.388428D-03  0.404132D-03 -0.584605D-03 -0.741044D-03
     27 -0.260700D-03 -0.209223D-02 -0.392681D-03 -0.438799D-03 -0.342147D-03
     28  0.173734D-03  0.759055D-04 -0.522602D-04  0.122015D-05 -0.309926D-03
     29 -0.265512D-03 -0.808621D-05  0.146461D-04 -0.137877D-03 -0.634860D-03
     30  0.520148D-03 -0.187989D-03  0.771606D-03  0.204930D-04 -0.783249D-04
     31  0.464478D-04  0.654353D-04 -0.266764D-03 -0.164292D-04 -0.294999D-05
     32  0.322154D-03  0.229791D-03  0.366061D-03  0.256068D-03  0.196817D-03
     33 -0.665636D-03  0.489451D-04 -0.488120D-03  0.334923D-03 -0.447005D-03
     34  0.256685D-03 -0.244467D-03  0.677366D-03 -0.113925D-02 -0.592731D-03
     35 -0.689236D-03  0.389910D-04 -0.696182D-03 -0.103938D-02 -0.527997D-03
     36 -0.358958D-03  0.208796D-03  0.242456D-04  0.258920D-03 -0.321171D-03
     37 -0.583543D-03  0.111700D-02 -0.843914D-03  0.707223D-04 -0.199457D-03
     38  0.979857D-03 -0.159004D-03  0.193675D-02 -0.159426D-03  0.117507D-03
     39  0.663580D-03 -0.509542D-03  0.175219D-02  0.764345D-04  0.672324D-04
     40 -0.122645D-03 -0.473014D-03 -0.119399D-02 -0.761642D-04  0.124340D-03
     41 -0.159158D-03 -0.418877D-03  0.475264D-03  0.913511D-04 -0.467340D-05
     42 -0.675545D-04 -0.607716D-04  0.263753D-03 -0.166275D-03  0.125951D-03
                6             7             8             9            10 
      6  0.179079D+00
      7 -0.692371D-03  0.161567D+00
      8 -0.252341D-02  0.160096D+00  0.238329D+00
      9  0.384664D-02  0.213731D-01  0.420621D-02  0.424893D-01
     10 -0.363693D-02 -0.101272D-01  0.117537D-02 -0.164945D-01  0.528687D+00
     11  0.182207D-01 -0.195066D-01  0.291390D-02 -0.188139D-01  0.108551D+00
     12 -0.107216D-01  0.963609D-04  0.220002D-02  0.192491D-02  0.304952D+00
     13 -0.729345D-02 -0.271214D-02  0.251409D-02  0.357007D-02 -0.524097D-01
     14  0.238391D-02  0.271966D-02 -0.844765D-03 -0.255109D-02  0.144671D-01
     15  0.249915D-02  0.337736D-02 -0.275153D-02 -0.241110D-02 -0.215653D-01
     16  0.381796D-02  0.392485D-02 -0.215123D-02 -0.547077D-02 -0.122671D+00
     17 -0.707686D-03 -0.191631D-02  0.311888D-02  0.425329D-02 -0.803520D-01
     18 -0.259481D-02 -0.772193D-02  0.398045D-02  0.232777D-02 -0.161271D-01
     19  0.105362D-02  0.909641D-03 -0.127570D-02 -0.205407D-02 -0.373754D-01
     20  0.149339D-03  0.450541D-03 -0.322823D-03 -0.519503D-03 -0.891122D-02
     21  0.804302D-05 -0.374888D-04 -0.489972D-04  0.541045D-04  0.232535D-02
     22 -0.526256D-03 -0.171336D-02  0.598088D-03  0.453225D-03 -0.554516D-02
     23 -0.360260D-03 -0.136479D-02  0.775381D-03  0.380071D-03  0.285864D-03
     24 -0.118118D-03 -0.190249D-03  0.506201D-04  0.000000D+00 -0.148966D-02
     25  0.149078D-03  0.873145D-04 -0.126914D-03  0.415008D-03  0.409421D-02
     26  0.183296D-03  0.504702D-03  0.648557D-04  0.532387D-03  0.745576D-03
     27  0.159682D-03 -0.137155D-03  0.351144D-04 -0.162024D-03  0.416928D-02
     28 -0.399548D-04  0.804489D-04 -0.207871D-04  0.120892D-03  0.302119D-03
     29 -0.742609D-03 -0.887067D-04  0.222323D-03 -0.170909D-03  0.969274D-03
     30 -0.256010D-03 -0.609814D-04  0.104281D-03 -0.116079D-03 -0.307862D-03
     31  0.451974D-03  0.107626D-03 -0.164564D-03  0.907194D-04  0.289919D-03
     32 -0.224476D-03 -0.115992D-03  0.594375D-04 -0.433655D-04  0.221761D-02
     33  0.211761D-03  0.913936D-04 -0.168561D-03  0.273886D-03 -0.167679D-02
     34  0.155912D-03  0.195798D-04  0.166776D-03 -0.203318D-03 -0.989044D-04
     35  0.323411D-03  0.775894D-04  0.890625D-05 -0.292516D-05  0.528159D-03
     36  0.415397D-03  0.153365D-03 -0.249665D-03  0.306464D-03 -0.812712D-03
     37 -0.194296D-03  0.180022D-05  0.155060D-03  0.250846D-03  0.434035D-02
     38 -0.517642D-05  0.164845D-03 -0.101213D-03 -0.253842D-03 -0.635465D-02
     39  0.178356D-03  0.120279D-03 -0.170903D-03 -0.245357D-03 -0.549107D-02
     40  0.606338D-04 -0.318773D-04 -0.186922D-04  0.142062D-04  0.126112D-02
     41  0.129465D-03 -0.398112D-04 -0.116751D-03 -0.118774D-03 -0.114066D-02
     42 -0.193244D-04  0.173362D-04 -0.367955D-04 -0.108854D-03 -0.820324D-03
               11            12            13            14            15 
     11  0.493399D+00
     12 -0.145827D+00  0.575414D+00
     13  0.130218D-01 -0.195867D-01  0.484032D-01
     14 -0.211616D+00  0.140630D+00 -0.102691D-01  0.219820D+00
     15  0.138012D+00 -0.167600D+00  0.298535D-01 -0.153520D+00  0.172329D+00
     16 -0.693409D-01 -0.750998D-02  0.441558D-02  0.436708D-02 -0.628626D-03
     17 -0.167974D+00 -0.257178D-02 -0.169552D-01 -0.146104D-01 -0.352431D-02
     18 -0.314775D-02 -0.881751D-01  0.139476D-01  0.151810D-01  0.428742D-02
     19  0.165922D-02 -0.483292D-02  0.523166D-03 -0.148143D-02 -0.880254D-04
     20  0.964823D-02  0.732571D-02  0.846915D-03  0.622387D-03  0.133746D-03
     21  0.145426D-02  0.266757D-02  0.342837D-03  0.708184D-03  0.682637D-04
     22 -0.911883D-02 -0.263330D-01  0.311488D-03  0.458538D-03  0.931638D-03
     23 -0.473458D-02 -0.226633D-01  0.223043D-03  0.408108D-03  0.450059D-03
     24 -0.103348D-02 -0.190339D-02 -0.657967D-03 -0.323664D-03  0.596864D-03
     25 -0.197441D-01  0.155537D-01 -0.256029D-02 -0.449932D-02 -0.122289D-02
     26 -0.238385D-01  0.145538D-01 -0.228120D-02 -0.103348D-02 -0.620491D-03
     27 -0.350023D-03  0.495514D-02 -0.229122D-02 -0.162314D-02  0.121837D-02
     28 -0.856633D-03 -0.118533D-03  0.682860D-04  0.200342D-03  0.343418D-04
     29  0.126013D-02  0.953676D-04 -0.240745D-03  0.281470D-03  0.181248D-03
     30 -0.752765D-03  0.205569D-03  0.156427D-04 -0.260890D-03 -0.223935D-03
     31  0.102482D-02 -0.943139D-03  0.319271D-03  0.183452D-03 -0.141110D-03
     32 -0.269173D-02  0.434525D-02 -0.107236D-02 -0.102193D-02 -0.143482D-03
     33  0.318565D-02 -0.267852D-02  0.625370D-03  0.101778D-02  0.292289D-03
     34 -0.355364D-04  0.429734D-03 -0.612040D-04 -0.189952D-05 -0.134844D-03
     35  0.932951D-03 -0.849021D-05  0.339870D-03  0.331190D-04 -0.290334D-03
     36 -0.899814D-03  0.360976D-03  0.299777D-04  0.117026D-03  0.132526D-03
     37  0.236505D-02  0.306583D-02  0.370909D-03  0.449148D-03 -0.217474D-03
     38 -0.164363D-02 -0.216312D-02  0.329841D-03 -0.659945D-04 -0.303204D-03
     39 -0.112422D-02 -0.213919D-02 -0.434263D-03 -0.449204D-03  0.196544D-03
     40 -0.280065D-03  0.512027D-03 -0.115728D-03 -0.979947D-04  0.174281D-03
     41  0.743264D-03 -0.671662D-03 -0.211782D-03 -0.248100D-03  0.364272D-03
     42  0.249048D-03 -0.212732D-03  0.351730D-03  0.907196D-04 -0.359405D-03
               16            17            18            19            20 
     16  0.389543D+00
     17  0.371325D-01  0.489673D+00
     18  0.287164D-01  0.522933D-02  0.555570D+00
     19 -0.944152D-01  0.359605D-01  0.220493D-01  0.106243D+00
     20  0.307964D-02 -0.449423D-01 -0.660282D-02 -0.565341D-02  0.433495D-01
     21 -0.151806D-01  0.312189D-02 -0.343303D-01  0.166333D-01 -0.110123D-01
     22 -0.307402D-01 -0.726591D-02 -0.124360D-01 -0.112849D-01  0.150852D-01
     23 -0.108964D-01 -0.679044D-01 -0.697284D-01  0.517611D-02 -0.634690D-02
     24 -0.165079D-01 -0.666400D-01 -0.289723D+00  0.342636D-03 -0.270081D-02
     25 -0.692396D-01  0.929785D-02 -0.153194D-01 -0.134108D-01  0.265040D-01
     26  0.704706D-02 -0.159452D+00  0.639935D-01  0.713985D-02 -0.145503D-01
     27 -0.151444D-01  0.632353D-01 -0.130538D+00  0.233239D-02 -0.366887D-02
     28 -0.349258D-02  0.240120D-02 -0.907879D-03  0.180706D-02 -0.248636D-03
     29  0.219961D-01 -0.129063D-01 -0.406035D-02  0.120083D-02 -0.373392D-02
     30 -0.172811D-01  0.896411D-02  0.242001D-02 -0.271228D-02  0.450991D-02
     31  0.355495D-02  0.561213D-02  0.129601D-02  0.819212D-03 -0.205771D-03
     32 -0.189367D-01 -0.181537D-01 -0.583877D-02 -0.260842D-03  0.831294D-04
     33  0.165814D-01  0.145595D-01  0.339646D-02  0.118170D-03 -0.517636D-03
     34 -0.103920D-02 -0.457658D-03 -0.550761D-02  0.483836D-04 -0.431584D-03
     35 -0.137592D-02  0.880402D-02  0.275561D-01 -0.125560D-03  0.887162D-03
     36  0.120895D-02 -0.512910D-02 -0.197377D-01 -0.740137D-03  0.379035D-03
     37 -0.633720D-01  0.213074D-01  0.546915D-02  0.469847D-01 -0.340473D-01
     38  0.430977D-01 -0.145677D-01 -0.569320D-02 -0.343428D-01  0.170240D-01
     39  0.390729D-01 -0.141903D-01 -0.473491D-02 -0.319280D-01  0.184208D-01
     40  0.489993D-02  0.860149D-03  0.237814D-02 -0.227520D-02  0.625726D-02
     41  0.305616D-02 -0.151525D-02 -0.580501D-03 -0.502855D-02 -0.608847D-03
     42  0.361921D-02 -0.156692D-02 -0.946632D-03 -0.587698D-02 -0.182079D-02
               21            22            23            24            25 
     21  0.327879D-01
     22  0.285414D-01  0.434244D-01
     23 -0.128241D-01  0.942779D-02  0.738884D-01
     24 -0.807797D-02  0.169542D-01  0.731038D-01  0.313769D+00
     25 -0.973948D-02 -0.729125D-03  0.102305D-02  0.989137D-04  0.573107D+00
     26  0.553464D-02 -0.126451D-02  0.795031D-02 -0.493496D-02  0.191819D-01
     27  0.575024D-04 -0.460585D-02  0.268833D-01 -0.160735D-01 -0.181652D-02
     28 -0.124194D-02  0.106709D-03  0.206227D-03 -0.311432D-03 -0.254348D+00
     29  0.227457D-02 -0.331332D-03  0.589650D-03  0.845655D-05  0.103099D+00
     30 -0.273649D-03 -0.173871D-03 -0.641003D-03  0.378108D-03  0.378971D-01
     31  0.849900D-04  0.140572D-03 -0.405098D-03  0.381542D-03 -0.192410D+00
     32 -0.482976D-03  0.117574D-03  0.103770D-02  0.111037D-03 -0.132421D+00
     33  0.468100D-03  0.536019D-03 -0.706608D-03  0.488838D-03 -0.354276D-01
     34 -0.464772D-03  0.600117D-03  0.940550D-03 -0.709942D-03 -0.474625D-01
     35 -0.212792D-03  0.499049D-03 -0.435632D-02  0.337390D-02  0.405228D-02
     36  0.487945D-03 -0.659587D-03  0.376872D-02 -0.774080D-03  0.133211D-01
     37 -0.262500D-01  0.661034D-02 -0.272667D-02  0.113427D-02  0.526709D-02
     38  0.144716D-01 -0.397794D-02  0.158191D-02 -0.430254D-03 -0.325144D-02
     39  0.980062D-02 -0.385775D-02  0.161855D-02  0.199741D-03 -0.371039D-02
     40  0.617167D-02 -0.118080D-02  0.315075D-03 -0.350787D-03 -0.644334D-03
     41 -0.334471D-02 -0.727164D-03  0.241734D-03  0.409172D-03 -0.390172D-03
     42 -0.141097D-02 -0.517477D-03  0.377234D-03  0.142621D-03 -0.833181D-03
               26            27            28            29            30 
     26  0.521862D+00
     27  0.431184D-01  0.542627D+00
     28  0.102354D+00  0.395359D-01  0.275619D+00
     29 -0.966818D-01 -0.199559D-01 -0.114022D+00  0.105011D+00
     30 -0.196072D-01 -0.538658D-01 -0.416523D-01  0.185946D-01  0.558015D-01
     31 -0.134338D+00 -0.346084D-01 -0.191970D-01 -0.192326D-01 -0.563339D-02
     32 -0.167656D+00 -0.321537D-01  0.106525D-01  0.108454D-01  0.326213D-02
     33 -0.332706D-01 -0.553691D-01  0.433384D-02  0.436665D-02 -0.111309D-03
     34  0.328443D-02  0.139523D-01 -0.736747D-03  0.746460D-02  0.282576D-01
     35 -0.681901D-01 -0.732997D-01 -0.661446D-03 -0.476113D-02 -0.130263D-01
     36 -0.719432D-01 -0.293680D+00  0.292954D-04 -0.112590D-02 -0.390984D-02
     37 -0.302367D-02 -0.880087D-03 -0.440736D-03 -0.412885D-03  0.128640D-02
     38  0.233432D-02  0.438592D-03  0.359450D-03  0.276430D-03 -0.103334D-02
     39  0.174700D-02  0.309817D-03  0.301693D-03  0.291211D-03 -0.398363D-03
     40  0.228478D-03  0.193233D-03  0.570111D-04  0.173375D-05 -0.175588D-03
     41 -0.456034D-03 -0.225008D-03 -0.129912D-03  0.239503D-03  0.152818D-03
     42  0.309354D-03  0.753453D-03 -0.316081D-04  0.228872D-03 -0.421836D-03
               31            32            33            34            35 
     31  0.204808D+00
     32  0.144908D+00  0.182761D+00
     33  0.388175D-01  0.320884D-01  0.579212D-01
     34  0.158536D-02 -0.570847D-02 -0.235405D-01  0.478145D-01
     35  0.272756D-02 -0.611930D-02 -0.203284D-01 -0.423459D-02  0.733589D-01
     36  0.310185D-03 -0.124888D-02 -0.430519D-02 -0.130936D-01  0.766326D-01
     37 -0.338161D-04  0.233108D-03 -0.839101D-04  0.564339D-04 -0.176873D-03
     38 -0.191122D-03  0.365878D-03  0.134858D-03 -0.516439D-03  0.240650D-03
     39  0.845963D-04 -0.126032D-03 -0.444326D-04  0.371042D-03 -0.145668D-03
     40 -0.139970D-04 -0.191518D-03 -0.440948D-04  0.156761D-03  0.784956D-04
     41  0.189444D-04  0.638437D-04  0.369656D-04  0.367012D-03 -0.349823D-03
     42  0.752668D-04  0.888128D-04 -0.558937D-04 -0.189342D-03  0.124803D-03
               36            37            38            39            40 
     36  0.320658D+00
     37  0.626787D-03  0.224334D+00
     38 -0.587528D-03  0.167432D+00  0.122724D+00
     39  0.295644D-03  0.200583D+00  0.144725D+00  0.174323D+00
     40 -0.273522D-03 -0.223607D+00 -0.163570D+00 -0.195852D+00  0.221693D+00
     41  0.399055D-03 -0.152472D+00 -0.128127D+00 -0.150154D+00  0.156766D+00
     42 -0.274144D-03 -0.183947D+00 -0.151237D+00 -0.179494D+00  0.188386D+00
               41            42 
     41  0.130557D+00
     42  0.153127D+00  0.182144D+00
