 Hessian
                1             2             3             4             5 
      1  0.542138D+00
      2  0.166711D+00  0.539346D+00
      3  0.318175D+00 -0.145103D+00  0.541769D+00
      4 -0.534852D-01  0.187977D-01 -0.308399D-01  0.474543D-01
      5  0.217177D-01 -0.208092D+00  0.146589D+00 -0.211124D-01  0.214444D+00
      6 -0.323818D-01  0.143199D+00 -0.173420D+00  0.389935D-01 -0.159996D+00
      7 -0.156959D+00 -0.145014D+00 -0.163511D-01  0.506001D-02  0.411367D-02
      8 -0.148149D+00 -0.232856D+00 -0.463348D-02 -0.127175D-01 -0.113453D-01
      9 -0.136826D-01 -0.126658D-02 -0.482119D-01  0.116398D-01  0.144172D-01
     10 -0.314198D+00 -0.316379D-01 -0.243796D+00  0.286418D-02 -0.625060D-03
     11 -0.258398D-01 -0.101749D+00  0.105154D-01  0.177593D-01  0.533729D-02
     12 -0.249636D+00  0.479597D-02 -0.312650D+00 -0.161526D-01 -0.197398D-03
     13  0.151359D-02  0.174429D-01 -0.185054D-01  0.195589D-02 -0.368941D-02
     14 -0.270472D-02  0.492100D-02 -0.139260D-02 -0.381305D-02  0.333159D-02
     15 -0.323503D-02  0.197894D-01 -0.110751D-01 -0.716825D-02  0.225218D-02
     16 -0.186575D-01 -0.182634D-01 -0.146845D-01 -0.228110D-02  0.116095D-02
     17 -0.808185D-02  0.230217D-02 -0.490304D-02  0.261719D-02 -0.177242D-02
     18 -0.190404D-01 -0.180610D-01  0.269928D-02  0.319973D-02 -0.215368D-02
     19  0.189887D-02 -0.393371D-02  0.529641D-02 -0.716682D-03  0.944659D-03
     20 -0.228904D-02 -0.113064D-02 -0.373194D-02 -0.299803D-03 -0.376471D-04
     21 -0.897769D-03  0.262926D-03 -0.204472D-02 -0.161319D-03  0.688367D-04
     22 -0.777476D-03 -0.328564D-02  0.164433D-02  0.719263D-03 -0.189059D-03
     23 -0.243635D-02 -0.283128D-02  0.392682D-03  0.303203D-03 -0.282011D-03
     24  0.929488D-03 -0.102604D-02  0.111805D-02  0.390809D-03  0.182393D-04
     25 -0.130196D-02 -0.135587D-02  0.636769D-03 -0.423957D-03 -0.136011D-02
     26  0.999048D-03  0.406646D-03  0.375306D-03 -0.565151D-03 -0.733870D-03
     27 -0.249500D-03 -0.210026D-02 -0.349257D-03 -0.426374D-03 -0.347040D-03
     28  0.163737D-03  0.881118D-04 -0.708352D-04  0.742919D-05 -0.310764D-03
     29 -0.277793D-03 -0.314817D-05  0.941761D-05 -0.130821D-03 -0.632366D-03
     30  0.521511D-03 -0.187511D-03  0.769675D-03  0.196401D-04 -0.749933D-04
     31  0.462188D-04  0.653968D-04 -0.269488D-03 -0.163270D-04 -0.191967D-05
     32  0.324537D-03  0.228616D-03  0.371416D-03  0.255630D-03  0.198036D-03
     33 -0.659033D-03  0.490781D-04 -0.482110D-03  0.335101D-03 -0.446187D-03
     34  0.249646D-03 -0.239078D-03  0.663796D-03 -0.112907D-02 -0.581885D-03
     35 -0.689835D-03  0.389691D-04 -0.704732D-03 -0.103342D-02 -0.520163D-03
     36 -0.356135D-03  0.213604D-03  0.231773D-04  0.258089D-03 -0.316976D-03
     37 -0.499658D-03  0.109909D-02 -0.685023D-03  0.677634D-04 -0.191256D-03
     38  0.898509D-03 -0.157493D-03  0.178413D-02 -0.154178D-03  0.110771D-03
     39  0.599941D-03 -0.504886D-03  0.162877D-02  0.776666D-04  0.623591D-04
     40 -0.130307D-03 -0.474430D-03 -0.121323D-02 -0.764270D-04  0.124920D-03
     41 -0.182652D-03 -0.424320D-03  0.432113D-03  0.932759D-04 -0.554266D-05
     42 -0.877330D-04 -0.606214D-04  0.224766D-03 -0.165971D-03  0.125076D-03
                6             7             8             9            10 
      6  0.179786D+00
      7 -0.688196D-03  0.161376D+00
      8 -0.250226D-02  0.160026D+00  0.238444D+00
      9  0.382605D-02  0.213517D-01  0.419153D-02  0.425633D-01
     10 -0.356987D-02 -0.101795D-01  0.119433D-02 -0.164532D-01  0.529982D+00
     11  0.181819D-01 -0.195339D-01  0.288125D-02 -0.188594D-01  0.109189D+00
     12 -0.106835D-01  0.672467D-04  0.220613D-02  0.189567D-02  0.305713D+00
     13 -0.729070D-02 -0.272502D-02  0.252462D-02  0.357385D-02 -0.523877D-01
     14  0.238236D-02  0.272701D-02 -0.842454D-03 -0.255996D-02  0.143943D-01
     15  0.250011D-02  0.338656D-02 -0.276015D-02 -0.241798D-02 -0.214266D-01
     16  0.384184D-02  0.398440D-02 -0.220863D-02 -0.553458D-02 -0.124376D+00
     17 -0.731117D-03 -0.192095D-02  0.315497D-02  0.431127D-02 -0.799953D-01
     18 -0.258737D-02 -0.771614D-02  0.400019D-02  0.236575D-02 -0.157622D-01
     19  0.103199D-02  0.882476D-03 -0.125674D-02 -0.203195D-02 -0.361571D-01
     20  0.176134D-03  0.488121D-03 -0.365525D-03 -0.593774D-03 -0.103641D-01
     21  0.310237D-04 -0.181547D-04 -0.768477D-04  0.135600D-04  0.138135D-02
     22 -0.534637D-03 -0.171665D-02  0.603269D-03  0.460826D-03 -0.529429D-02
     23 -0.365035D-03 -0.137134D-02  0.781561D-03  0.398122D-03  0.317376D-03
     24 -0.123398D-03 -0.201777D-03  0.507224D-04  0.000000D+00 -0.158182D-02
     25  0.158210D-03  0.966487D-04 -0.127056D-03  0.410406D-03  0.406472D-02
     26  0.178152D-03  0.501386D-03  0.672161D-04  0.536391D-03  0.730846D-03
     27  0.147378D-03 -0.142840D-03  0.372190D-04 -0.158347D-03  0.412440D-02
     28 -0.420078D-04  0.767325D-04 -0.188764D-04  0.125230D-03  0.332216D-03
     29 -0.741774D-03 -0.916682D-04  0.223000D-03 -0.168761D-03  0.994529D-03
     30 -0.254734D-03 -0.587107D-04  0.103742D-03 -0.116011D-03 -0.292915D-03
     31  0.451907D-03  0.107060D-03 -0.165166D-03  0.908437D-04  0.298898D-03
     32 -0.223660D-03 -0.114979D-03  0.583813D-04 -0.436658D-04  0.221080D-02
     33  0.212893D-03  0.901572D-04 -0.167687D-03  0.275121D-03 -0.168352D-02
     34  0.154170D-03  0.202523D-04  0.166309D-03 -0.203534D-03 -0.702491D-04
     35  0.324665D-03  0.795198D-04  0.830712D-05 -0.574420D-05  0.534605D-03
     36  0.415997D-03  0.154938D-03 -0.249737D-03  0.305487D-03 -0.804588D-03
     37 -0.185183D-03  0.930094D-05  0.145845D-03  0.237972D-03  0.382443D-02
     38 -0.107019D-04  0.155603D-03 -0.935217D-04 -0.241442D-03 -0.591620D-02
     39  0.171400D-03  0.111766D-03 -0.163524D-03 -0.234705D-03 -0.511990D-02
     40  0.607269D-04 -0.326433D-04 -0.176887D-04  0.152975D-04  0.129675D-02
     41  0.128458D-03 -0.443690D-04 -0.116046D-03 -0.115210D-03 -0.102695D-02
     42 -0.221751D-04  0.145767D-04 -0.358480D-04 -0.106976D-03 -0.727192D-03
               11            12            13            14            15 
     11  0.493875D+00
     12 -0.145169D+00  0.575854D+00
     13  0.128129D-01 -0.194531D-01  0.483323D-01
     14 -0.211756D+00  0.140675D+00 -0.101566D-01  0.219972D+00
     15  0.138055D+00 -0.167435D+00  0.297459D-01 -0.153547D+00  0.172224D+00
     16 -0.696687D-01 -0.818278D-02  0.446024D-02  0.431260D-02 -0.647815D-03
     17 -0.168156D+00 -0.292160D-02 -0.168785D-01 -0.145757D-01 -0.357862D-02
     18 -0.322200D-02 -0.879005D-01  0.139371D-01  0.151964D-01  0.429642D-02
     19  0.204700D-02 -0.446337D-02  0.502988D-03 -0.145148D-02 -0.771166D-04
     20  0.964556D-02  0.696978D-02  0.887948D-03  0.600872D-03  0.129444D-03
     21  0.133807D-02  0.237560D-02  0.349680D-03  0.676311D-03  0.681044D-04
     22 -0.912596D-02 -0.262821D-01  0.328717D-03  0.460619D-03  0.921182D-03
     23 -0.498079D-02 -0.227899D-01  0.214282D-03  0.407437D-03  0.462612D-03
     24 -0.112070D-02 -0.202799D-02 -0.659384D-03 -0.325816D-03  0.595065D-03
     25 -0.197425D-01  0.155667D-01 -0.256316D-02 -0.448584D-02 -0.121455D-02
     26 -0.238376D-01  0.146475D-01 -0.228457D-02 -0.103995D-02 -0.622338D-03
     27 -0.435237D-03  0.490987D-02 -0.228846D-02 -0.164110D-02  0.120454D-02
     28 -0.835093D-03 -0.986397D-04  0.676527D-04  0.201214D-03  0.356505D-04
     29  0.126473D-02  0.925214D-04 -0.240515D-03  0.278154D-03  0.178800D-03
     30 -0.765737D-03  0.202992D-03  0.158307D-04 -0.258227D-03 -0.222700D-03
     31  0.102482D-02 -0.934973D-03  0.317740D-03  0.181710D-03 -0.141106D-03
     32 -0.270814D-02  0.434565D-02 -0.107424D-02 -0.102526D-02 -0.143292D-03
     33  0.317128D-02 -0.269794D-02  0.627361D-03  0.101904D-02  0.291466D-03
     34 -0.183633D-04  0.449434D-03 -0.620609D-04 -0.162563D-05 -0.134561D-03
     35  0.962739D-03  0.409985D-05  0.339618D-03  0.348242D-04 -0.288729D-03
     36 -0.913351D-03  0.366065D-03  0.302589D-04  0.117606D-03  0.132312D-03
     37  0.219823D-02  0.287038D-02  0.373852D-03  0.432489D-03 -0.217500D-03
     38 -0.153795D-02 -0.202102D-02  0.317386D-03 -0.579629D-04 -0.294978D-03
     39 -0.104345D-02 -0.202998D-02 -0.435357D-03 -0.437144D-03  0.198384D-03
     40 -0.266723D-03  0.536736D-03 -0.114997D-03 -0.966710D-04  0.173295D-03
     41  0.757890D-03 -0.637552D-03 -0.215800D-03 -0.248653D-03  0.367025D-03
     42  0.267038D-03 -0.179811D-03  0.352449D-03  0.948194D-04 -0.360180D-03
               16            17            18            19            20 
     16  0.402619D+00
     17  0.320560D-01  0.491662D+00
     18  0.252837D-01  0.628309D-02  0.555088D+00
     19 -0.108255D+00  0.408549D-01  0.238872D-01  0.120673D+00
     20  0.962003D-02 -0.476592D-01 -0.751462D-02 -0.130170D-01  0.468754D-01
     21 -0.117153D-01  0.201362D-02 -0.352078D-01  0.125489D-01 -0.879171D-02
     22 -0.311800D-01 -0.660728D-02 -0.107337D-01 -0.109238D-01  0.149536D-01
     23 -0.100237D-01 -0.681739D-01 -0.703381D-01  0.500267D-02 -0.624516D-02
     24 -0.144827D-01 -0.672446D-01 -0.289247D+00  0.356664D-03 -0.267350D-02
     25 -0.699579D-01  0.967680D-02 -0.149990D-01 -0.128069D-01  0.264952D-01
     26  0.751434D-02 -0.159385D+00  0.638276D-01  0.680118D-02 -0.144644D-01
     27 -0.149379D-01  0.631981D-01 -0.130577D+00  0.222010D-02 -0.361039D-02
     28 -0.344708D-02  0.231249D-02 -0.895153D-03  0.178386D-02 -0.222911D-03
     29  0.220998D-01 -0.128785D-01 -0.409858D-02  0.114219D-02 -0.375063D-02
     30 -0.174470D-01  0.903385D-02  0.246801D-02 -0.262630D-02  0.451660D-02
     31  0.353755D-02  0.557171D-02  0.127505D-02  0.813025D-03 -0.197354D-03
     32 -0.189402D-01 -0.181594D-01 -0.583840D-02 -0.235529D-03  0.100768D-03
     33  0.165890D-01  0.146139D-01  0.338467D-02  0.103975D-03 -0.527340D-03
     34 -0.102553D-02 -0.523964D-03 -0.544906D-02  0.458618D-04 -0.445559D-03
     35 -0.146743D-02  0.880866D-02  0.275267D-01 -0.108335D-03  0.899368D-03
     36  0.125895D-02 -0.515298D-02 -0.197068D-01 -0.756700D-03  0.377083D-03
     37 -0.601925D-01  0.200266D-01  0.462202D-02  0.446832D-01 -0.316335D-01
     38  0.409673D-01 -0.137339D-01 -0.506695D-02 -0.321849D-01  0.161807D-01
     39  0.372853D-01 -0.134365D-01 -0.419439D-02 -0.300504D-01  0.171494D-01
     40  0.477176D-02  0.892141D-03  0.239087D-02 -0.242381D-02  0.602430D-02
     41  0.284103D-02 -0.143457D-02 -0.540650D-03 -0.460498D-02 -0.649408D-03
     42  0.337384D-02 -0.148534D-02 -0.881755D-03 -0.543946D-02 -0.187521D-02
               21            22            23            24            25 
     21  0.340367D-01
     22  0.288299D-01  0.435629D-01
     23 -0.128635D-01  0.872537D-02  0.743418D-01
     24 -0.802025D-02  0.148804D-01  0.738268D-01  0.313538D+00
     25 -0.104425D-01 -0.761861D-03  0.844239D-03  0.193210D-03  0.574043D+00
     26  0.581778D-02 -0.126410D-02  0.794716D-02 -0.494823D-02  0.184028D-01
     27  0.148664D-03 -0.459889D-02  0.269281D-01 -0.162198D-01 -0.192441D-02
     28 -0.121577D-02  0.105399D-03  0.200123D-03 -0.316841D-03 -0.254778D+00
     29  0.236172D-02 -0.334835D-03  0.612879D-03 -0.372733D-05  0.103263D+00
     30 -0.377815D-03 -0.204863D-03 -0.646750D-03  0.399468D-03  0.378946D-01
     31  0.999610D-04  0.135949D-03 -0.403318D-03  0.384399D-03 -0.192467D+00
     32 -0.504312D-03  0.983310D-04  0.103819D-02  0.111839D-03 -0.132355D+00
     33  0.493037D-03  0.539036D-03 -0.702439D-03  0.485130D-03 -0.355853D-01
     34 -0.454937D-03  0.595752D-03  0.929612D-03 -0.701515D-03 -0.475344D-01
     35 -0.259167D-03  0.501449D-03 -0.435558D-02  0.339252D-02  0.421893D-02
     36  0.502084D-03 -0.683802D-03  0.378129D-02 -0.785202D-03  0.136688D-01
     37 -0.242310D-01  0.636385D-02 -0.260449D-02  0.115858D-02  0.502266D-02
     38  0.132604D-01 -0.382637D-02  0.151001D-02 -0.465276D-03 -0.309882D-02
     39  0.941913D-02 -0.373851D-02  0.154948D-02  0.147282D-03 -0.356479D-02
     40  0.592689D-02 -0.115773D-02  0.302353D-03 -0.349513D-03 -0.631873D-03
     41 -0.330418D-02 -0.709389D-03  0.229752D-03  0.407779D-03 -0.376078D-03
     42 -0.143735D-02 -0.499176D-03  0.366692D-03  0.139744D-03 -0.798279D-03
               26            27            28            29            30 
     26  0.521840D+00
     27  0.433241D-01  0.542976D+00
     28  0.102624D+00  0.393954D-01  0.275994D+00
     29 -0.968588D-01 -0.199058D-01 -0.114256D+00  0.105159D+00
     30 -0.196462D-01 -0.538983D-01 -0.415112D-01  0.185243D-01  0.558246D-01
     31 -0.134267D+00 -0.347744D-01 -0.191940D-01 -0.192418D-01 -0.565318D-02
     32 -0.167536D+00 -0.323139D-01  0.106629D-01  0.108581D-01  0.328567D-02
     33 -0.334454D-01 -0.554027D-01  0.431195D-02  0.435560D-02 -0.119356D-03
     34  0.346731D-02  0.142583D-01 -0.744136D-03  0.746548D-02  0.282612D-01
     35 -0.681738D-01 -0.733309D-01 -0.663185D-03 -0.477418D-02 -0.130312D-01
     36 -0.720124D-01 -0.293806D+00  0.272643D-04 -0.110907D-02 -0.387363D-02
     37 -0.288358D-02 -0.841165D-03 -0.423015D-03 -0.392938D-03  0.125322D-02
     38  0.223232D-02  0.430431D-03  0.350574D-03  0.261173D-03 -0.101194D-02
     39  0.167738D-02  0.274494D-03  0.289575D-03  0.280347D-03 -0.384448D-03
     40  0.223224D-03  0.185786D-03  0.559768D-04  0.154769D-05 -0.171872D-03
     41 -0.464050D-03 -0.233201D-03 -0.132737D-03  0.240566D-03  0.158416D-03
     42  0.290373D-03  0.750188D-03 -0.346025D-04  0.225045D-03 -0.417780D-03
               31            32            33            34            35 
     31  0.204850D+00
     32  0.144862D+00  0.182657D+00
     33  0.389996D-01  0.322445D-01  0.580101D-01
     34  0.161260D-02 -0.572112D-02 -0.235459D-01  0.478298D-01
     35  0.274354D-02 -0.613268D-02 -0.203322D-01 -0.435771D-02  0.733126D-01
     36  0.315527D-03 -0.125952D-02 -0.434745D-02 -0.134730D-01  0.767131D-01
     37 -0.262128D-04  0.218338D-03 -0.770932D-04  0.529579D-04 -0.177354D-03
     38 -0.192446D-03  0.363342D-03  0.130924D-03 -0.507600D-03  0.238926D-03
     39  0.807097D-04 -0.119595D-03 -0.463525D-04  0.363846D-03 -0.134962D-03
     40 -0.154943D-04 -0.191742D-03 -0.453051D-04  0.158490D-03  0.796042D-04
     41  0.198666D-04  0.594439D-04  0.369161D-04  0.368201D-03 -0.348002D-03
     42  0.752247D-04  0.872357D-04 -0.564816D-04 -0.188217D-03  0.126655D-03
               36            37            38            39            40 
     36  0.320771D+00
     37  0.631466D-03  0.225801D+00
     38 -0.593456D-03  0.166676D+00  0.121383D+00
     39  0.281932D-03  0.200064D+00  0.143765D+00  0.172713D+00
     40 -0.271069D-03 -0.225057D+00 -0.163485D+00 -0.195963D+00  0.223358D+00
     41  0.404746D-03 -0.152913D+00 -0.126699D+00 -0.148644D+00  0.156884D+00
     42 -0.279190D-03 -0.184600D+00 -0.149665D+00 -0.177944D+00  0.188725D+00
               41            42 
     41  0.129102D+00
     42  0.151540D+00  0.180571D+00
