 Hessian
                1             2             3             4             5 
      1  0.535904D+00
      2  0.166542D+00  0.538281D+00
      3  0.307870D+00 -0.147910D+00  0.532872D+00
      4 -0.538351D-01  0.183984D-01 -0.310588D-01  0.470943D-01
      5  0.215476D-01 -0.207821D+00  0.147327D+00 -0.205389D-01  0.213668D+00
      6 -0.320832D-01  0.143987D+00 -0.174945D+00  0.391298D-01 -0.160781D+00
      7 -0.158422D+00 -0.145492D+00 -0.157989D-01  0.536135D-02  0.396140D-02
      8 -0.148948D+00 -0.232998D+00 -0.346262D-02 -0.128158D-01 -0.109519D-01
      9 -0.131324D-01 -0.545371D-03 -0.483363D-01  0.115920D-01  0.146141D-01
     10 -0.300291D+00 -0.303789D-01 -0.226459D+00  0.316767D-02 -0.704552D-03
     11 -0.186329D-01 -0.988908D-01  0.192878D-01  0.181138D-01  0.516059D-02
     12 -0.239169D+00  0.704101D-02 -0.300545D+00 -0.160960D-01 -0.397976D-03
     13  0.119071D-02  0.172995D-01 -0.187155D-01  0.176641D-02 -0.360525D-02
     14 -0.226107D-02  0.518524D-02 -0.132967D-02 -0.379309D-02  0.329671D-02
     15 -0.281575D-02  0.196816D-01 -0.109717D-01 -0.695651D-02  0.214846D-02
     16 -0.290469D-01 -0.205319D-01 -0.272986D-01 -0.228603D-02  0.104738D-02
     17 -0.123242D-01  0.457110D-03 -0.103800D-01  0.221565D-02 -0.135952D-02
     18 -0.185708D-01 -0.191708D-01  0.415589D-02  0.305053D-02 -0.194735D-02
     19  0.661817D-02 -0.100814D-02  0.109348D-01 -0.452079D-03  0.724739D-03
     20 -0.569522D-02 -0.158900D-02 -0.872664D-02 -0.294161D-04 -0.229065D-03
     21 -0.361068D-02 -0.417904D-03 -0.584808D-02 -0.123774D-03 -0.675236D-04
     22  0.844138D-03 -0.331032D-02  0.256405D-02  0.649407D-03 -0.103604D-03
     23 -0.382006D-02 -0.331668D-02 -0.544955D-03  0.204927D-03 -0.210458D-03
     24  0.665035D-03 -0.915832D-03  0.807170D-03  0.331483D-03  0.410593D-04
     25 -0.193640D-02 -0.874285D-03  0.138819D-03 -0.111284D-03 -0.142337D-02
     26  0.123967D-02 -0.527723D-04  0.102510D-02 -0.759996D-03 -0.645141D-03
     27 -0.454981D-03 -0.214185D-02 -0.955793D-03 -0.568392D-03 -0.188834D-03
     28  0.347848D-03 -0.896702D-04  0.350961D-03 -0.888421D-04 -0.253102D-03
     29 -0.209394D-04 -0.138703D-03  0.198060D-03 -0.220791D-03 -0.590413D-03
     30  0.414267D-03 -0.100433D-03  0.696503D-03  0.785976D-04 -0.121740D-03
     31  0.863862D-04  0.539552D-04 -0.188548D-03 -0.294766D-04  0.000000D+00
     32  0.300713D-03  0.247949D-03  0.321782D-03  0.267759D-03  0.187047D-03
     33 -0.794319D-03  0.151800D-05 -0.681950D-03  0.321158D-03 -0.409728D-03
     34  0.430555D-03 -0.276506D-03  0.948273D-03 -0.112972D-02 -0.652206D-03
     35 -0.583254D-03  0.632887D-04 -0.518665D-03 -0.102714D-02 -0.561796D-03
     36 -0.339879D-03  0.144103D-03 -0.204081D-04  0.276653D-03 -0.334566D-03
     37 -0.183648D-02  0.168617D-03 -0.251694D-02 -0.627649D-05 -0.135368D-03
     38  0.239962D-02  0.790859D-03  0.373162D-02 -0.104875D-03  0.640388D-04
     39  0.173002D-02  0.276384D-03  0.298599D-02  0.172882D-03  0.490711D-05
     40 -0.535058D-04 -0.500311D-03 -0.770508D-03 -0.100372D-03  0.134321D-03
     41  0.256029D-03 -0.218732D-03  0.981349D-03  0.894319D-04 -0.751746D-05
     42  0.291507D-03  0.705549D-04  0.786591D-03 -0.149750D-03  0.113093D-03
                6             7             8             9            10 
      6  0.180983D+00
      7 -0.964310D-03  0.162385D+00
      8 -0.228259D-02  0.160729D+00  0.237933D+00
      9  0.407934D-02  0.207710D-01  0.283592D-02  0.421637D-01
     10 -0.368780D-02 -0.943373D-02  0.887523D-03 -0.168310D-01  0.495977D+00
     11  0.176709D-01 -0.195147D-01  0.332601D-02 -0.178356D-01  0.981156D-01
     12 -0.107105D-01  0.410719D-03  0.213923D-02  0.241535D-02  0.287287D+00
     13 -0.704566D-02 -0.259239D-02  0.243777D-02  0.338383D-02 -0.514169D-01
     14  0.225093D-02  0.263445D-02 -0.853794D-03 -0.247153D-02  0.130675D-01
     15  0.241967D-02  0.328877D-02 -0.265487D-02 -0.224594D-02 -0.220071D-01
     16  0.381562D-02  0.328625D-02 -0.178572D-02 -0.553720D-02 -0.981548D-01
     17 -0.255035D-03 -0.171240D-02  0.273448D-02  0.345532D-02 -0.812663D-01
     18 -0.244913D-02 -0.762643D-02  0.366819D-02  0.171036D-02 -0.236637D-01
     19  0.709229D-03  0.971036D-03 -0.105328D-02 -0.129162D-02 -0.447912D-01
     20  0.494480D-04 -0.301404D-04  0.407957D-04 -0.579660D-04  0.928435D-02
     21 -0.801233D-04 -0.256788D-03  0.163704D-03  0.163940D-03  0.128807D-01
     22 -0.434885D-03 -0.171588D-02  0.598042D-03  0.542355D-03 -0.824513D-02
     23 -0.275219D-03 -0.126127D-02  0.666439D-03  0.412280D-04  0.306385D-04
     24 -0.554527D-04 -0.903180D-04  0.611404D-04 -0.246518D-04 -0.129319D-03
     25  0.296870D-04 -0.104048D-03 -0.615096D-04  0.601477D-03  0.566416D-02
     26  0.306324D-03  0.601948D-03 -0.184292D-04  0.389180D-03  0.136351D-03
     27  0.370609D-03 -0.111707D-04 -0.351013D-04 -0.266899D-03  0.438804D-02
     28  0.607529D-05  0.142588D-03 -0.577360D-04  0.386767D-04 -0.344334D-03
     29 -0.693158D-03 -0.156713D-04  0.193152D-03 -0.227128D-03  0.190224D-03
     30 -0.316469D-03 -0.113414D-03  0.128101D-03 -0.795437D-04 -0.124069D-03
     31  0.437119D-03  0.112423D-03 -0.154607D-03  0.810578D-04  0.150729D-03
     32 -0.244869D-03 -0.130884D-03  0.727310D-04 -0.395501D-04  0.207882D-02
     33  0.240359D-03  0.101953D-03 -0.174027D-03  0.253615D-03 -0.133692D-02
     34  0.106584D-03  0.170176D-04  0.170558D-03 -0.206179D-03 -0.630926D-03
     35  0.282513D-03  0.518570D-04  0.193857D-04  0.245036D-04  0.333869D-03
     36  0.388319D-03  0.113013D-03 -0.221652D-03  0.331035D-03 -0.807107D-03
     37 -0.937592D-04 -0.209523D-04  0.102319D-03  0.287983D-04  0.822856D-02
     38 -0.131244D-03  0.183528D-03 -0.560287D-04 -0.744355D-04 -0.961547D-02
     39  0.990988D-04  0.133956D-03 -0.130898D-03 -0.685427D-04 -0.779005D-02
     40  0.754803D-04  0.134978D-04 -0.489096D-04 -0.409238D-04  0.119519D-03
     41  0.115638D-03 -0.496787D-05 -0.107887D-03 -0.108598D-03 -0.215968D-02
     42 -0.238608D-04  0.418704D-04 -0.345264D-04 -0.954766D-04 -0.171872D-02
               11            12            13            14            15 
     11  0.487672D+00
     12 -0.158471D+00  0.566087D+00
     13  0.134917D-01 -0.189289D-01  0.486975D-01
     14 -0.212550D+00  0.141507D+00 -0.945640D-02  0.220085D+00
     15  0.138337D+00 -0.169878D+00  0.292965D-01 -0.154486D+00  0.174149D+00
     16 -0.587703D-01  0.365240D-02  0.304380D-02  0.434592D-02  0.451431D-03
     17 -0.166513D+00  0.546005D-02 -0.175673D-01 -0.141474D-01 -0.282069D-02
     18 -0.356396D-02 -0.931527D-01  0.143811D-01  0.149884D-01  0.431225D-02
     19 -0.750902D-02 -0.918090D-02  0.120190D-02 -0.101623D-02 -0.722809D-03
     20  0.116703D-01  0.103246D-01 -0.209944D-03  0.311507D-03  0.565385D-03
     21  0.487652D-02  0.546116D-02 -0.255210D-04  0.688467D-03  0.335873D-03
     22 -0.106702D-01 -0.269253D-01  0.192039D-04  0.551881D-03  0.107610D-02
     23 -0.874076D-03 -0.210949D-01  0.391664D-03  0.397667D-03  0.333652D-03
     24  0.528938D-04 -0.819916D-03 -0.633362D-03 -0.299054D-03  0.604749D-03
     25 -0.193854D-01  0.158239D-01 -0.219593D-02 -0.455237D-02 -0.155907D-02
     26 -0.241775D-01  0.135290D-01 -0.238475D-02 -0.975726D-03 -0.561712D-03
     27  0.718071D-03  0.603569D-02 -0.246394D-02 -0.144342D-02  0.145871D-02
     28 -0.126076D-02 -0.505920D-03  0.640830D-04  0.175430D-03  0.180865D-04
     29  0.110504D-02  0.925475D-04 -0.295516D-03  0.326257D-03  0.262759D-03
     30 -0.517134D-03  0.388467D-03  0.541426D-04 -0.275850D-03 -0.269185D-03
     31  0.963743D-03 -0.102874D-02  0.327861D-03  0.190467D-03 -0.142034D-03
     32 -0.252820D-02  0.446001D-02 -0.103506D-02 -0.990824D-03 -0.161571D-03
     33  0.352282D-02 -0.239895D-02  0.573865D-03  0.100082D-02  0.327413D-03
     34 -0.348053D-03  0.125981D-03 -0.413661D-04 -0.758476D-05 -0.144810D-03
     35  0.529082D-03 -0.256545D-03  0.369108D-03  0.000000D+00 -0.330128D-03
     36 -0.744587D-03  0.415593D-03  0.137183D-04  0.121962D-03  0.135463D-03
     37  0.576780D-02  0.445908D-02  0.493054D-04  0.242470D-03  0.244996D-04
     38 -0.424628D-02 -0.330929D-02  0.712578D-03  0.118319D-03 -0.612259D-03
     39 -0.316583D-02 -0.269820D-02 -0.254317D-03 -0.321745D-03 -0.747797D-05
     40 -0.361386D-03  0.762609D-04 -0.114161D-03 -0.121401D-03  0.192761D-03
     41  0.317010D-03 -0.102299D-02 -0.148124D-03 -0.201478D-03  0.298466D-03
     42 -0.167883D-03 -0.599774D-03  0.364144D-03  0.705151D-04 -0.370297D-03
               16            17            18            19            20 
     16  0.245498D+00
     17  0.922485D-01  0.456270D+00
     18  0.779539D-01 -0.825184D-02  0.553177D+00
     19  0.476511D-01 -0.159719D-01 -0.103040D-01 -0.328613D-01
     20 -0.599048D-01 -0.897172D-02  0.998927D-02  0.643570D-01  0.139942D-01
     21 -0.508640D-01  0.155506D-01 -0.126515D-01  0.572144D-01 -0.274925D-01
     22 -0.282087D-01 -0.116866D-01 -0.288415D-01 -0.108779D-01  0.124084D-01
     23 -0.193795D-01 -0.666593D-01 -0.655563D-01  0.496990D-02 -0.549440D-02
     24 -0.388642D-01 -0.619204D-01 -0.298880D+00 -0.451314D-03 -0.193858D-02
     25 -0.647129D-01  0.482487D-02 -0.188652D-01 -0.135497D-01  0.198831D-01
     26  0.114150D-02 -0.157451D+00  0.652893D-01  0.854381D-02 -0.123246D-01
     27 -0.148075D-01  0.605996D-01 -0.129935D+00  0.129725D-02 -0.210905D-02
     28 -0.343965D-02  0.377517D-02 -0.161186D-02  0.169673D-02 -0.421271D-03
     29  0.217123D-01 -0.140802D-01 -0.278207D-02  0.472795D-03 -0.225333D-02
     30 -0.168854D-01  0.901690D-02  0.143000D-02 -0.153804D-02  0.273223D-02
     31  0.385847D-02  0.588766D-02  0.145113D-02  0.569799D-03 -0.408849D-04
     32 -0.185233D-01 -0.188029D-01 -0.594918D-02 -0.108895D-02  0.396916D-04
     33  0.161767D-01  0.140431D-01  0.377911D-02  0.407849D-03 -0.377139D-03
     34 -0.122255D-02  0.464373D-03 -0.607411D-02  0.163437D-03 -0.242385D-03
     35 -0.304961D-03  0.899869D-02  0.274732D-01 -0.493040D-03  0.689111D-03
     36 -0.188963D-03 -0.435478D-02 -0.195372D-01  0.525694D-03 -0.253626D-03
     37 -0.833825D-01  0.312685D-01  0.170772D-01  0.452468D-01 -0.518542D-01
     38  0.549083D-01 -0.190241D-01 -0.131782D-01 -0.421317D-01  0.747536D-02
     39  0.477669D-01 -0.183508D-01 -0.105793D-01 -0.377615D-01  0.214196D-01
     40  0.711591D-02 -0.155971D-03  0.164382D-02 -0.158684D-02  0.124955D-01
     41  0.379656D-02 -0.145174D-02 -0.100853D-02 -0.879590D-02 -0.335885D-02
     42  0.462885D-02 -0.179200D-02 -0.137968D-02 -0.983897D-02 -0.412498D-02
               21            22            23            24            25 
     21  0.265184D-01
     22  0.197215D-01  0.407465D-01
     23 -0.938341D-02  0.174853D-01  0.688289D-01
     24 -0.636330D-02  0.402926D-01  0.661778D-01  0.318531D+00
     25 -0.289129D-02  0.117197D-02  0.257924D-02 -0.111969D-02  0.561895D+00
     26  0.194314D-02 -0.148923D-02  0.789274D-02 -0.488321D-02  0.297957D-01
     27 -0.428488D-03 -0.520412D-02  0.263390D-01 -0.144673D-01 -0.242313D-02
     28 -0.124389D-02  0.139187D-03  0.320570D-03 -0.254866D-03 -0.251199D+00
     29  0.148834D-02 -0.485936D-03  0.347476D-03  0.177591D-03  0.102808D+00
     30  0.115199D-04  0.602837D-03 -0.661417D-03  0.175643D-04  0.378442D-01
     31  0.107966D-04  0.108461D-03 -0.386982D-03  0.363889D-03 -0.192458D+00
     32  0.792879D-04  0.370517D-03  0.106775D-02  0.524101D-04 -0.133466D+00
     33  0.100592D-03  0.519623D-03 -0.762006D-03  0.568810D-03 -0.360204D-01
     34 -0.650928D-03  0.642769D-03  0.104519D-02 -0.817393D-03 -0.463715D-01
     35  0.591707D-03  0.461458D-03 -0.430524D-02  0.318077D-02  0.273234D-02
     36 -0.439858D-03 -0.164640D-03  0.348802D-02 -0.738938D-03  0.123360D-01
     37 -0.427270D-01  0.617246D-02 -0.263984D-02  0.109372D-02  0.484094D-02
     38  0.187668D-01 -0.349017D-02  0.141015D-02 -0.162445D-03 -0.259278D-02
     39 -0.279545D-02 -0.327259D-02  0.151161D-02  0.684080D-03 -0.306849D-02
     40  0.125666D-01 -0.144658D-02  0.460238D-03 -0.386330D-03 -0.933322D-03
     41 -0.678720D-02 -0.639517D-03  0.248982D-03  0.375800D-03 -0.268418D-03
     42 -0.398466D-02 -0.476021D-03  0.386849D-03  0.136467D-03 -0.826854D-03
               26            27            28            29            30 
     26  0.515191D+00
     27  0.452505D-01  0.542450D+00
     28  0.999426D-01  0.416624D-01  0.273140D+00
     29 -0.939156D-01 -0.211011D-01 -0.112326D+00  0.102649D+00
     30 -0.193115D-01 -0.524293D-01 -0.432837D-01  0.192863D-01  0.547593D-01
     31 -0.135401D+00 -0.350084D-01 -0.192254D-01 -0.191494D-01 -0.562470D-02
     32 -0.168083D+00 -0.325324D-01  0.105550D-01  0.106766D-01  0.308886D-02
     33 -0.335571D-01 -0.562845D-01  0.451613D-02  0.440282D-02  0.230566D-04
     34  0.181162D-02  0.134231D-01 -0.799110D-03  0.730854D-02  0.282163D-01
     35 -0.676757D-01 -0.727927D-01 -0.611828D-03 -0.448704D-02 -0.129271D-01
     36 -0.715380D-01 -0.296079D+00 -0.398961D-04 -0.124643D-02 -0.405417D-02
     37 -0.348526D-02 -0.169441D-03 -0.486935D-03 -0.185166D-04  0.608882D-03
     38  0.266098D-02 -0.315707D-03  0.351590D-03  0.114089D-04 -0.520171D-03
     39  0.173930D-02 -0.124984D-03  0.355891D-03 -0.372767D-04  0.184218D-03
     40  0.306714D-03  0.340247D-03  0.527636D-04  0.404218D-04 -0.249962D-03
     41 -0.425951D-03 -0.246977D-03 -0.100063D-03  0.156340D-03  0.182929D-03
     42  0.379719D-03  0.656064D-03 -0.807864D-05  0.178713D-03 -0.361964D-03
               31            32            33            34            35 
     31  0.204977D+00
     32  0.145613D+00  0.183641D+00
     33  0.392580D-01  0.323829D-01  0.582279D-01
     34  0.150350D-02 -0.542826D-02 -0.234928D-01  0.472709D-01
     35  0.273265D-02 -0.586377D-02 -0.203384D-01 -0.364067D-02  0.728145D-01
     36  0.305683D-03 -0.117926D-02 -0.411093D-02 -0.117714D-01  0.758970D-01
     37  0.269518D-05  0.661859D-03 -0.201251D-03  0.598724D-04 -0.103854D-03
     38 -0.296375D-03  0.244786D-03  0.216995D-03 -0.562115D-03  0.179892D-03
     39  0.285489D-04 -0.356950D-03  0.000000D+00  0.522499D-03 -0.377671D-03
     40  0.156575D-04 -0.176097D-03 -0.296181D-04  0.107110D-03  0.834752D-04
     41 -0.139008D-04  0.908338D-04  0.474657D-04  0.357491D-03 -0.399504D-03
     42  0.561335D-04  0.785746D-04 -0.443043D-04 -0.185173D-03  0.915455D-04
               36            37            38            39            40 
     36  0.323060D+00
     37  0.357852D-04  0.236902D+00
     38 -0.163099D-03  0.165844D+00  0.150471D+00
     39  0.821351D-03  0.198076D+00  0.159120D+00  0.203355D+00
     40 -0.294680D-03 -0.215770D+00 -0.165606D+00 -0.196640D+00  0.212580D+00
     41  0.384926D-03 -0.145818D+00 -0.140100D+00 -0.161331D+00  0.153449D+00
     42 -0.171228D-03 -0.175696D+00 -0.163369D+00 -0.191856D+00  0.183517D+00
               41            42 
     41  0.145459D+00
     42  0.168119D+00  0.197308D+00
