 Hessian
                1             2             3             4             5 
      1  0.541831D+00
      2  0.166645D+00  0.539993D+00
      3  0.317019D+00 -0.145337D+00  0.540103D+00
      4 -0.535595D-01  0.188077D-01 -0.308009D-01  0.474838D-01
      5  0.217802D-01 -0.208826D+00  0.146668D+00 -0.211042D-01  0.215143D+00
      6 -0.322498D-01  0.143169D+00 -0.172814D+00  0.389694D-01 -0.159997D+00
      7 -0.157315D+00 -0.145149D+00 -0.163358D-01  0.509251D-02  0.411891D-02
      8 -0.148278D+00 -0.232803D+00 -0.454060D-02 -0.127325D-01 -0.112678D-01
      9 -0.136269D-01 -0.119242D-02 -0.481865D-01  0.116236D-01  0.143676D-01
     10 -0.312946D+00 -0.315194D-01 -0.242129D+00  0.288798D-02 -0.635995D-03
     11 -0.252058D-01 -0.101578D+00  0.112420D-01  0.178181D-01  0.528997D-02
     12 -0.248557D+00  0.508052D-02 -0.311497D+00 -0.161535D-01 -0.213956D-03
     13  0.148610D-02  0.174190D-01 -0.184797D-01  0.193723D-02 -0.367401D-02
     14 -0.265921D-02  0.497451D-02 -0.140323D-02 -0.381409D-02  0.331990D-02
     15 -0.319918D-02  0.197657D-01 -0.110233D-01 -0.714406D-02  0.223059D-02
     16 -0.196606D-01 -0.181701D-01 -0.160438D-01 -0.224401D-02  0.109260D-02
     17 -0.838538D-02  0.201701D-02 -0.520402D-02  0.257200D-02 -0.170380D-02
     18 -0.189985D-01 -0.182548D-01  0.289830D-02  0.318228D-02 -0.212003D-02
     19  0.244498D-02 -0.388031D-02  0.618067D-02 -0.731228D-03  0.969916D-03
     20 -0.265742D-02 -0.962832D-03 -0.447857D-02 -0.238713D-03 -0.984712D-04
     21 -0.120105D-02  0.351788D-03 -0.261732D-02 -0.137511D-03  0.235694D-04
     22 -0.631105D-03 -0.334874D-02  0.175410D-02  0.706206D-03 -0.171422D-03
     23 -0.257629D-02 -0.288027D-02  0.287207D-03  0.288644D-03 -0.271277D-03
     24  0.910675D-03 -0.100154D-02  0.107220D-02  0.380159D-03  0.225822D-04
     25 -0.135509D-02 -0.132616D-02  0.626028D-03 -0.407215D-03 -0.138723D-02
     26  0.101228D-02  0.363650D-03  0.435055D-03 -0.596122D-03 -0.736721D-03
     27 -0.274778D-03 -0.208461D-02 -0.434420D-03 -0.445296D-03 -0.331572D-03
     28  0.184244D-03  0.620856D-04 -0.285321D-04 -0.530166D-05 -0.305463D-03
     29 -0.253160D-03 -0.140809D-04  0.214169D-04 -0.142768D-03 -0.631858D-03
     30  0.516020D-03 -0.186641D-03  0.774256D-03  0.233731D-04 -0.805761D-04
     31  0.480516D-04  0.644410D-04 -0.262546D-03 -0.173905D-04 -0.300701D-05
     32  0.319724D-03  0.231967D-03  0.360831D-03  0.256561D-03  0.196121D-03
     33 -0.672013D-03  0.469911D-04 -0.499151D-03  0.334080D-03 -0.444363D-03
     34  0.266515D-03 -0.249139D-03  0.694563D-03 -0.113978D-02 -0.598668D-03
     35 -0.685157D-03  0.390026D-04 -0.686747D-03 -0.103992D-02 -0.531964D-03
     36 -0.359171D-03  0.201912D-03  0.222049D-04  0.258696D-03 -0.322190D-03
     37 -0.679567D-03  0.111834D-02 -0.102237D-02  0.735289D-04 -0.206354D-03
     38  0.107419D-02 -0.144144D-03  0.211025D-02 -0.164221D-03  0.122569D-03
     39  0.737624D-03 -0.499490D-03  0.188782D-02  0.760483D-04  0.707872D-04
     40 -0.114323D-03 -0.474225D-03 -0.117124D-02 -0.768288D-04  0.124695D-03
     41 -0.130977D-03 -0.410997D-03  0.525763D-03  0.894629D-04 -0.362724D-05
     42 -0.444837D-04 -0.587929D-04  0.313414D-03 -0.166383D-03  0.126374D-03
                6             7             8             9            10 
      6  0.179179D+00
      7 -0.710297D-03  0.161663D+00
      8 -0.250768D-02  0.160147D+00  0.238275D+00
      9  0.386212D-02  0.213159D-01  0.410344D-02  0.424689D-01
     10 -0.363665D-02 -0.100760D-01  0.115325D-02 -0.165400D-01  0.527162D+00
     11  0.181938D-01 -0.194932D-01  0.294126D-02 -0.187576D-01  0.108215D+00
     12 -0.107171D-01  0.126179D-03  0.219577D-02  0.195057D-02  0.303930D+00
     13 -0.727954D-02 -0.270477D-02  0.251015D-02  0.355922D-02 -0.523732D-01
     14  0.237572D-02  0.271437D-02 -0.847300D-03 -0.254703D-02  0.143891D-01
     15  0.249717D-02  0.337283D-02 -0.274647D-02 -0.240251D-02 -0.215864D-01
     16  0.378567D-02  0.385826D-02 -0.209541D-02 -0.540541D-02 -0.120803D+00
     17 -0.673439D-03 -0.191064D-02  0.308303D-02  0.418375D-02 -0.809602D-01
     18 -0.258878D-02 -0.772932D-02  0.395960D-02  0.228022D-02 -0.166537D-01
     19  0.106586D-02  0.940995D-03 -0.129596D-02 -0.207025D-02 -0.386865D-01
     20  0.119477D-03  0.405066D-03 -0.275520D-03 -0.437953D-03 -0.723604D-02
     21 -0.155385D-04 -0.615003D-04 -0.173629D-04  0.980462D-04  0.340190D-02
     22 -0.515010D-03 -0.171043D-02  0.593782D-03  0.447408D-03 -0.581458D-02
     23 -0.354601D-03 -0.135734D-02  0.768223D-03  0.358017D-03  0.249576D-03
     24 -0.111511D-03 -0.178830D-03  0.507413D-04 -0.281900D-05 -0.138863D-02
     25  0.143582D-03  0.763639D-04 -0.126149D-03  0.421559D-03  0.413196D-02
     26  0.191312D-03  0.509831D-03  0.615245D-04  0.525886D-03  0.754375D-03
     27  0.172496D-03 -0.129517D-03  0.318040D-04 -0.167179D-03  0.421436D-02
     28 -0.370143D-04  0.848289D-04 -0.228494D-04  0.115102D-03  0.266977D-03
     29 -0.739491D-03 -0.842584D-04  0.220868D-03 -0.173451D-03  0.936979D-03
     30 -0.259524D-03 -0.635939D-04  0.104795D-03 -0.115726D-03 -0.322935D-03
     31  0.450911D-03  0.108081D-03 -0.163763D-03  0.901279D-04  0.281425D-03
     32 -0.225849D-03 -0.117091D-03  0.605435D-04 -0.428805D-04  0.222192D-02
     33  0.213527D-03  0.921933D-04 -0.169129D-03  0.272488D-03 -0.166302D-02
     34  0.152984D-03  0.191400D-04  0.167119D-03 -0.203501D-03 -0.133990D-03
     35  0.320854D-03  0.752690D-04  0.990869D-05  0.000000D+00  0.521495D-03
     36  0.415409D-03  0.150917D-03 -0.248488D-03  0.307512D-03 -0.820161D-03
     37 -0.201015D-03 -0.690126D-05  0.163869D-03  0.261099D-03  0.489221D-02
     38 -0.245322D-05  0.175547D-03 -0.108543D-03 -0.264197D-03 -0.681958D-02
     39  0.183464D-03  0.129482D-03 -0.177848D-03 -0.253144D-03 -0.587771D-02
     40  0.609053D-04 -0.306963D-04 -0.200183D-04  0.121119D-04  0.121163D-02
     41  0.130335D-03 -0.344712D-04 -0.118232D-03 -0.122785D-03 -0.127006D-02
     42 -0.174894D-04  0.213765D-04 -0.385642D-04 -0.111979D-03 -0.928005D-03
               11            12            13            14            15 
     11  0.493195D+00
     12 -0.146602D+00  0.574921D+00
     13  0.130820D-01 -0.195745D-01  0.484316D-01
     14 -0.211666D+00  0.140712D+00 -0.102288D-01  0.219833D+00
     15  0.138069D+00 -0.167770D+00  0.298359D-01 -0.153600D+00  0.172476D+00
     16 -0.690635D-01 -0.673621D-02  0.435708D-02  0.441387D-02 -0.596499D-03
     17 -0.167974D+00 -0.220445D-02 -0.170269D-01 -0.146166D-01 -0.347362D-02
     18 -0.313304D-02 -0.885314D-01  0.139724D-01  0.151508D-01  0.428536D-02
     19  0.117369D-02 -0.525539D-02  0.549401D-03 -0.150517D-02 -0.108719D-03
     20  0.967961D-02  0.771021D-02  0.795212D-03  0.637161D-03  0.143703D-03
     21  0.161108D-02  0.299105D-02  0.330727D-03  0.738534D-03  0.732896D-04
     22 -0.914223D-02 -0.263972D-01  0.292201D-03  0.458086D-03  0.943719D-03
     23 -0.446234D-02 -0.225400D-01  0.234188D-03  0.409783D-03  0.437726D-03
     24 -0.942893D-03 -0.177618D-02 -0.656673D-03 -0.320142D-03  0.598424D-03
     25 -0.197426D-01  0.155469D-01 -0.255210D-02 -0.450995D-02 -0.123580D-02
     26 -0.238503D-01  0.144627D-01 -0.227802D-02 -0.102430D-02 -0.619870D-03
     27 -0.266803D-03  0.501831D-02 -0.229733D-02 -0.160376D-02  0.123331D-02
     28 -0.882114D-03 -0.141028D-03  0.689790D-04  0.198818D-03  0.325261D-04
     29  0.125412D-02  0.961490D-04 -0.242024D-03  0.285546D-03  0.185133D-03
     30 -0.736580D-03  0.210073D-03  0.162038D-04 -0.263665D-03 -0.225660D-03
     31  0.102135D-02 -0.949200D-03  0.320648D-03  0.184422D-03 -0.141497D-03
     32 -0.268068D-02  0.435117D-02 -0.107054D-02 -0.101864D-02 -0.144275D-03
     33  0.320764D-02 -0.265605D-02  0.622839D-03  0.101583D-02  0.293401D-03
     34 -0.551950D-04  0.407165D-03 -0.599900D-04 -0.259141D-05 -0.135237D-03
     35  0.903152D-03 -0.246795D-04  0.340059D-03  0.303339D-04 -0.292294D-03
     36 -0.884432D-03  0.357503D-03  0.295225D-04  0.116716D-03  0.132648D-03
     37  0.256767D-02  0.327017D-02  0.363417D-03  0.460919D-03 -0.213087D-03
     38 -0.177583D-02 -0.231263D-02  0.347264D-03 -0.701328D-04 -0.315337D-03
     39 -0.122715D-02 -0.224804D-02 -0.430039D-03 -0.457444D-03  0.190927D-03
     40 -0.292826D-03  0.483672D-03 -0.116615D-03 -0.997971D-04  0.175545D-03
     41  0.724129D-03 -0.710900D-03 -0.207550D-03 -0.247293D-03  0.360439D-03
     42  0.227123D-03 -0.253063D-03  0.350917D-03  0.858309D-04 -0.358653D-03
               16            17            18            19            20 
     16  0.374660D+00
     17  0.432861D-01  0.487325D+00
     18  0.328102D-01  0.425287D-02  0.556228D+00
     19 -0.788860D-01  0.302905D-01  0.196110D-01  0.903555D-01
     20 -0.432400D-02 -0.417729D-01 -0.537538D-02  0.254782D-02  0.394947D-01
     21 -0.191800D-01  0.444708D-02 -0.332077D-01  0.212456D-01 -0.134763D-01
     22 -0.302417D-01 -0.794179D-02 -0.142003D-01 -0.116164D-01  0.151682D-01
     23 -0.118263D-01 -0.676415D-01 -0.692409D-01  0.533703D-02 -0.643256D-02
     24 -0.186548D-01 -0.661504D-01 -0.290555D+00  0.324792D-03 -0.270984D-02
     25 -0.684571D-01  0.884685D-02 -0.156546D-01 -0.140033D-01  0.264270D-01
     26  0.649657D-02 -0.159351D+00  0.640768D-01  0.748266D-02 -0.145983D-01
     27 -0.153082D-01  0.631255D-01 -0.130445D+00  0.242896D-02 -0.370029D-02
     28 -0.353459D-02  0.249868D-02 -0.928453D-03  0.182548D-02 -0.274316D-03
     29  0.218986D-01 -0.129508D-01 -0.399652D-02  0.125162D-02 -0.369986D-02
     30 -0.171060D-01  0.889198D-02  0.235158D-02 -0.278117D-02  0.448145D-02
     31  0.356184D-02  0.564529D-02  0.131343D-02  0.822811D-03 -0.209606D-03
     32 -0.189448D-01 -0.181904D-01 -0.584156D-02 -0.296758D-03  0.650242D-04
     33  0.165608D-01  0.145183D-01  0.341583D-02  0.137366D-03 -0.506863D-03
     34 -0.105587D-02 -0.384341D-03 -0.556354D-02  0.524517D-04 -0.415403D-03
     35 -0.129016D-02  0.880399D-02  0.275840D-01 -0.147202D-03  0.872355D-03
     36  0.114898D-02 -0.509748D-02 -0.197391D-01 -0.704314D-03  0.371205D-03
     37 -0.666228D-01  0.226538D-01  0.647805D-02  0.490668D-01 -0.365469D-01
     38  0.452327D-01 -0.154255D-01 -0.642950D-02 -0.364255D-01  0.176799D-01
     39  0.408334D-01 -0.149563D-01 -0.536992D-02 -0.337059D-01  0.196409D-01
     40  0.506813D-02  0.816068D-03  0.236098D-02 -0.213510D-02  0.655917D-02
     41  0.329392D-02 -0.160214D-02 -0.632292D-03 -0.550236D-02 -0.588423D-03
     42  0.389183D-02 -0.165980D-02 -0.102255D-02 -0.636851D-02 -0.178173D-02
               21            22            23            24            25 
     21  0.314856D-01
     22  0.281417D-01  0.432181D-01
     23 -0.127275D-01  0.101902D-01  0.734208D-01
     24 -0.808472D-02  0.191546D-01  0.724732D-01  0.314294D+00
     25 -0.896522D-02 -0.667915D-03  0.120292D-02 -0.209152D-05  0.572340D+00
     26  0.521395D-02 -0.126994D-02  0.794761D-02 -0.492133D-02  0.199221D-01
     27 -0.425269D-04 -0.462133D-02  0.268381D-01 -0.159198D-01 -0.184925D-02
     28 -0.126599D-02  0.108146D-03  0.213876D-03 -0.305609D-03 -0.254104D+00
     29  0.217897D-02 -0.329964D-03  0.564403D-03  0.216018D-04  0.103043D+00
     30 -0.167631D-03 -0.133654D-03 -0.635643D-03  0.352497D-03  0.379630D-01
     31  0.686258D-04  0.143973D-03 -0.405384D-03  0.379120D-03 -0.192442D+00
     32 -0.455740D-03  0.138472D-03  0.104030D-02  0.107676D-03 -0.132503D+00
     33  0.438129D-03  0.534839D-03 -0.709675D-03  0.494901D-03 -0.354588D-01
     34 -0.476444D-03  0.604950D-03  0.952569D-03 -0.719958D-03 -0.473837D-01
     35 -0.158151D-03  0.496570D-03 -0.435805D-02  0.335374D-02  0.393478D-02
     36  0.460106D-03 -0.629268D-03  0.375044D-02 -0.762047D-03  0.131669D-01
     37 -0.283835D-01  0.681806D-02 -0.283393D-02  0.110926D-02  0.548586D-02
     38  0.156842D-01 -0.409631D-02  0.164090D-02 -0.393067D-03 -0.337729D-02
     39  0.999175D-02 -0.394287D-02  0.167502D-02  0.255659D-03 -0.383222D-02
     40  0.648264D-02 -0.120950D-02  0.330242D-03 -0.352078D-03 -0.662378D-03
     41 -0.341405D-02 -0.744903D-03  0.253999D-03  0.409652D-03 -0.404188D-03
     42 -0.140251D-02 -0.536721D-03  0.388589D-03  0.145133D-03 -0.869932D-03
               26            27            28            29            30 
     26  0.521530D+00
     27  0.432595D-01  0.542662D+00
     28  0.102165D+00  0.397590D-01  0.275429D+00
     29 -0.964842D-01 -0.200574D-01 -0.113876D+00  0.104837D+00
     30 -0.196038D-01 -0.538256D-01 -0.418623D-01  0.186896D-01  0.557590D-01
     31 -0.134432D+00 -0.346224D-01 -0.191946D-01 -0.192235D-01 -0.562952D-02
     32 -0.167700D+00 -0.321636D-01  0.106450D-01  0.108332D-01  0.324983D-02
     33 -0.332748D-01 -0.554229D-01  0.435456D-02  0.437829D-02 -0.100515D-03
     34  0.315371D-02  0.138506D-01 -0.731758D-03  0.744546D-02  0.282543D-01
     35 -0.681399D-01 -0.732641D-01 -0.662219D-03 -0.473860D-02 -0.130140D-01
     36 -0.718814D-01 -0.293922D+00  0.236225D-04 -0.113303D-02 -0.392584D-02
     37 -0.315490D-02 -0.908310D-03 -0.455874D-03 -0.426532D-03  0.130759D-02
     38  0.242915D-02  0.434209D-03  0.366166D-03  0.286325D-03 -0.104416D-02
     39  0.180730D-02  0.336188D-03  0.312388D-03  0.296486D-03 -0.401231D-03
     40  0.234416D-03  0.203452D-03  0.578659D-04  0.310330D-05 -0.181281D-03
     41 -0.446943D-03 -0.217046D-03 -0.126627D-03  0.237554D-03  0.147444D-03
     42  0.328697D-03  0.756243D-03 -0.283532D-04  0.232232D-03 -0.425623D-03
               31            32            33            34            35 
     31  0.204847D+00
     32  0.144973D+00  0.182825D+00
     33  0.388313D-01  0.320915D-01  0.579341D-01
     34  0.157242D-02 -0.568565D-02 -0.235391D-01  0.477752D-01
     35  0.272250D-02 -0.609652D-02 -0.203313D-01 -0.416780D-02  0.733172D-01
     36  0.309563D-03 -0.124181D-02 -0.428714D-02 -0.129106D-01  0.765491D-01
     37 -0.400391D-04  0.253623D-03 -0.923777D-04  0.597242D-04 -0.175647D-03
     38 -0.191681D-03  0.366015D-03  0.140073D-03 -0.525320D-03  0.241617D-03
     39  0.868769D-04 -0.135452D-03 -0.414863D-04  0.378939D-03 -0.159202D-03
     40 -0.120764D-04 -0.191058D-03 -0.427068D-04  0.154716D-03  0.774250D-04
     41  0.176892D-04  0.686859D-04  0.375187D-04  0.365243D-03 -0.352568D-03
     42  0.751900D-04  0.901145D-04 -0.551919D-04 -0.190145D-03  0.123185D-03
               36            37            38            39            40 
     36  0.320890D+00
     37  0.611835D-03  0.223523D+00
     38 -0.573897D-03  0.168007D+00  0.124178D+00
     39  0.318560D-03  0.200952D+00  0.145577D+00  0.176012D+00
     40 -0.276508D-03 -0.222477D+00 -0.163603D+00 -0.195718D+00  0.220342D+00
     41  0.393390D-03 -0.151881D+00 -0.129421D+00 -0.151455D+00  0.156536D+00
     42 -0.267899D-03 -0.183169D+00 -0.152610D+00 -0.180863D+00  0.187963D+00
               41            42 
     41  0.131907D+00
     42  0.154547D+00  0.183563D+00
