 Hessian
                1             2             3             4             5 
      1  0.536838D+00
      2  0.166580D+00  0.538395D+00
      3  0.308995D+00 -0.147643D+00  0.534146D+00
      4 -0.538125D-01  0.184318D-01 -0.310123D-01  0.471339D-01
      5  0.215646D-01 -0.207812D+00  0.147261D+00 -0.205805D-01  0.213699D+00
      6 -0.320908D-01  0.143909D+00 -0.174874D+00  0.390944D-01 -0.160707D+00
      7 -0.158327D+00 -0.145451D+00 -0.158167D-01  0.533310D-02  0.397537D-02
      8 -0.148877D+00 -0.232972D+00 -0.356487D-02 -0.128058D-01 -0.109864D-01
      9 -0.131332D-01 -0.598269D-03 -0.483329D-01  0.116008D-01  0.145991D-01
     10 -0.302092D+00 -0.305612D-01 -0.228593D+00  0.313569D-02 -0.712129D-03
     11 -0.195718D-01 -0.992753D-01  0.181605D-01  0.180635D-01  0.517673D-02
     12 -0.240402D+00  0.680477D-02 -0.302076D+00 -0.161129D-01 -0.390318D-03
     13  0.123375D-02  0.173093D-01 -0.186870D-01  0.178958D-02 -0.361877D-02
     14 -0.231779D-02  0.516763D-02 -0.135292D-02 -0.379894D-02  0.330155D-02
     15 -0.287678D-02  0.196825D-01 -0.109919D-01 -0.698069D-02  0.216402D-02
     16 -0.278420D-01 -0.201677D-01 -0.259015D-01 -0.226251D-02  0.105346D-02
     17 -0.116659D-01  0.628309D-03 -0.951330D-02  0.225944D-02 -0.138424D-02
     18 -0.185864D-01 -0.190983D-01  0.407298D-02  0.307180D-02 -0.196641D-02
     19  0.617775D-02 -0.136170D-02  0.105296D-01 -0.496432D-03  0.760526D-03
     20 -0.536562D-02 -0.147790D-02 -0.833779D-02 -0.414154D-04 -0.224054D-03
     21 -0.334771D-02 -0.301369D-03 -0.554852D-02 -0.119223D-03 -0.630026D-04
     22  0.639967D-03 -0.332664D-02  0.244962D-02  0.653582D-03 -0.111274D-03
     23 -0.365698D-02 -0.326711D-02 -0.433773D-03  0.213799D-03 -0.215647D-03
     24  0.702272D-03 -0.921828D-03  0.835376D-03  0.333858D-03  0.405103D-04
     25 -0.186002D-02 -0.930114D-03  0.205492D-03 -0.142193D-03 -0.141665D-02
     26  0.119912D-02 -0.115566D-04  0.947656D-03 -0.741500D-03 -0.654121D-03
     27 -0.433156D-03 -0.212286D-02 -0.893642D-03 -0.551899D-03 -0.202744D-03
     28  0.325535D-03 -0.807434D-04  0.303690D-03 -0.808240D-04 -0.257880D-03
     29 -0.501118D-04 -0.124753D-03  0.177558D-03 -0.211754D-03 -0.593446D-03
     30  0.426551D-03 -0.111281D-03  0.709860D-03  0.723966D-04 -0.117264D-03
     31  0.810612D-04  0.538563D-04 -0.197071D-03 -0.286372D-04  0.000000D+00
     32  0.301598D-03  0.247026D-03  0.323343D-03  0.266186D-03  0.188125D-03
     33 -0.777339D-03  0.776491D-05 -0.660166D-03  0.322423D-03 -0.412358D-03
     34  0.411715D-03 -0.276602D-03  0.920420D-03 -0.112970D-02 -0.647127D-03
     35 -0.597431D-03  0.581110D-04 -0.539053D-03 -0.102816D-02 -0.559153D-03
     36 -0.344478D-03  0.148117D-03 -0.173482D-04  0.273223D-03 -0.332520D-03
     37 -0.172366D-02  0.283846D-03 -0.238871D-02  0.451416D-05 -0.144552D-03
     38  0.224004D-02  0.685029D-03  0.356065D-02 -0.114593D-03  0.699163D-04
     39  0.161265D-02  0.191287D-03  0.287511D-02  0.160661D-03  0.115046D-04
     40 -0.506839D-04 -0.502592D-03 -0.807552D-03 -0.976682D-04  0.134411D-03
     41  0.217298D-03 -0.241008D-03  0.953517D-03  0.879429D-04 -0.644073D-05
     42  0.255986D-03  0.533583D-04  0.755733D-03 -0.152504D-03  0.115105D-03
                6             7             8             9            10 
      6  0.180933D+00
      7 -0.939568D-03  0.162325D+00
      8 -0.230004D-02  0.160664D+00  0.237964D+00
      9  0.405503D-02  0.207894D-01  0.294230D-02  0.422176D-01
     10 -0.366754D-02 -0.949600D-02  0.921533D-03 -0.168233D-01  0.500401D+00
     11  0.177292D-01 -0.194969D-01  0.328578D-02 -0.179478D-01  0.997899D-01
     12 -0.106964D-01  0.389068D-03  0.214980D-02  0.235324D-02  0.289467D+00
     13 -0.707228D-02 -0.260810D-02  0.244942D-02  0.340472D-02 -0.515470D-01
     14  0.226348D-02  0.264449D-02 -0.855073D-03 -0.248276D-02  0.132218D-01
     15  0.243417D-02  0.330219D-02 -0.266783D-02 -0.226763D-02 -0.219172D-01
     16  0.379161D-02  0.332522D-02 -0.180948D-02 -0.548061D-02 -0.100702D+00
     17 -0.301481D-03 -0.174812D-02  0.276684D-02  0.353246D-02 -0.819422D-01
     18 -0.246811D-02 -0.765140D-02  0.370382D-02  0.176983D-02 -0.229989D-01
     19  0.764805D-03  0.990962D-03 -0.109578D-02 -0.141017D-02 -0.447523D-01
     20  0.443110D-04  0.684857D-05  0.165791D-04 -0.716469D-04  0.779550D-02
     21 -0.815094D-04 -0.243149D-03  0.151658D-03  0.177041D-03  0.121070D-01
     22 -0.440418D-03 -0.171315D-02  0.598262D-03  0.527127D-03 -0.796583D-02
     23 -0.283416D-03 -0.127100D-02  0.676432D-03  0.755936D-04  0.732315D-05
     24 -0.590238D-04 -0.956084D-04  0.585594D-04 -0.238451D-04 -0.278495D-03
     25  0.425225D-04 -0.834752D-04 -0.696785D-04  0.580267D-03  0.547145D-02
     26  0.295698D-03  0.592688D-03 -0.925023D-05  0.404079D-03  0.236506D-03
     27  0.348198D-03 -0.248083D-04 -0.274756D-04 -0.254769D-03  0.438513D-02
     28  0.208465D-05  0.137371D-03 -0.541215D-04  0.455004D-04 -0.269591D-03
     29 -0.696801D-03 -0.230110D-04  0.195797D-03 -0.221031D-03  0.279249D-03
     30 -0.310752D-03 -0.107286D-03  0.125174D-03 -0.843971D-04 -0.159493D-03
     31  0.438433D-03  0.112207D-03 -0.155525D-03  0.816901D-04  0.164530D-03
     32 -0.242865D-03 -0.129511D-03  0.715964D-04 -0.397915D-04  0.210697D-02
     33  0.237966D-03  0.100921D-03 -0.173752D-03  0.255540D-03 -0.138328D-02
     34  0.110968D-03  0.169511D-04  0.170442D-03 -0.205910D-03 -0.577967D-03
     35  0.286292D-03  0.535307D-04  0.189834D-04  0.225473D-04  0.361094D-03
     36  0.392707D-03  0.117086D-03 -0.224532D-03  0.328362D-03 -0.807353D-03
     37 -0.108640D-03 -0.216242D-04  0.110374D-03  0.600928D-04  0.799950D-02
     38 -0.115175D-03  0.187572D-03 -0.619290D-04 -0.100447D-03 -0.937313D-02
     39  0.110110D-03  0.136961D-03 -0.136214D-03 -0.920555D-04 -0.764381D-02
     40  0.744404D-04  0.793299D-05 -0.467269D-04 -0.363161D-04  0.230368D-03
     41  0.118697D-03 -0.452789D-05 -0.110717D-03 -0.114272D-03 -0.213110D-02
     42 -0.213572D-04  0.428959D-04 -0.366053D-04 -0.101064D-03 -0.168716D-02
               11            12            13            14            15 
     11  0.488649D+00
     12 -0.156988D+00  0.567350D+00
     13  0.134458D-01 -0.190082D-01  0.486696D-01
     14 -0.212479D+00  0.141484D+00 -0.952695D-02  0.220096D+00
     15  0.138383D+00 -0.169669D+00  0.293561D-01 -0.154429D+00  0.174005D+00
     16 -0.603407D-01  0.239145D-02  0.319988D-02  0.435660D-02  0.304128D-03
     17 -0.166952D+00  0.433083D-02 -0.175272D-01 -0.142325D-01 -0.291152D-02
     18 -0.352153D-02 -0.926751D-01  0.143365D-01  0.149877D-01  0.430875D-02
     19 -0.654228D-02 -0.881019D-02  0.114037D-02 -0.108281D-02 -0.656291D-03
     20  0.114367D-01  0.101516D-01 -0.979624D-04  0.357025D-03  0.512942D-03
     21  0.449227D-02  0.526623D-02  0.131384D-04  0.703727D-03  0.304424D-03
     22 -0.104176D-01 -0.268549D-01  0.543383D-04  0.541070D-03  0.106087D-02
     23 -0.127796D-02 -0.212592D-01  0.371584D-03  0.398513D-03  0.342706D-03
     24 -0.487693D-04 -0.881837D-03 -0.637155D-03 -0.299284D-03  0.605239D-03
     25 -0.194415D-01  0.157882D-01 -0.225146D-02 -0.454664D-02 -0.151357D-02
     26 -0.241245D-01  0.136160D-01 -0.236267D-02 -0.977375D-03 -0.572296D-03
     27  0.606193D-03  0.591133D-02 -0.244015D-02 -0.145777D-02  0.142920D-02
     28 -0.121167D-02 -0.460312D-03  0.655984D-04  0.177757D-03  0.190289D-04
     29  0.112189D-02  0.876747D-04 -0.287104D-03  0.321255D-03  0.252078D-03
     30 -0.538567D-03  0.367060D-03  0.481789D-04 -0.274430D-03 -0.262909D-03
     31  0.970759D-03 -0.102151D-02  0.327900D-03  0.190140D-03 -0.142278D-03
     32 -0.254450D-02  0.444780D-02 -0.103988D-02 -0.992549D-03 -0.159433D-03
     33  0.348800D-02 -0.242485D-02  0.580504D-03  0.100143D-02  0.322437D-03
     34 -0.314623D-03  0.153778D-03 -0.433764D-04 -0.737219D-05 -0.143534D-03
     35  0.568706D-03 -0.231160D-03  0.363693D-03  0.188576D-05 -0.324707D-03
     36 -0.754865D-03  0.406282D-03  0.162488D-04  0.121493D-03  0.134853D-03
     37  0.542791D-02  0.437489D-02  0.854172D-04  0.270525D-03 -0.357517D-05
     38 -0.395112D-02 -0.319652D-02  0.674429D-03  0.100265D-03 -0.577903D-03
     39 -0.293573D-02 -0.265103D-02 -0.272365D-03 -0.335337D-03  0.149219D-04
     40 -0.360720D-03  0.105826D-03 -0.116428D-03 -0.121828D-03  0.191622D-03
     41  0.365455D-03 -0.100726D-02 -0.153635D-03 -0.207137D-03  0.304729D-03
     42 -0.124667D-03 -0.580298D-03  0.361758D-03  0.697424D-04 -0.368095D-03
               16            17            18            19            20 
     16  0.254709D+00
     17  0.898000D-01  0.459496D+00
     18  0.742989D-01 -0.717444D-02  0.554260D+00
     19  0.393081D-01 -0.133756D-01 -0.804092D-02 -0.252468D-01
     20 -0.568250D-01 -0.117899D-01  0.885078D-02  0.607363D-01  0.151326D-01
     21 -0.489121D-01  0.149648D-01 -0.151387D-01  0.548954D-01 -0.271923D-01
     22 -0.283444D-01 -0.115633D-01 -0.277418D-01 -0.110854D-01  0.128131D-01
     23 -0.187429D-01 -0.666198D-01 -0.658231D-01  0.508580D-02 -0.567286D-02
     24 -0.370622D-01 -0.623017D-01 -0.298188D+00 -0.353586D-03 -0.205078D-02
     25 -0.648750D-01  0.512441D-02 -0.185760D-01 -0.139160D-01  0.208204D-01
     26  0.162989D-02 -0.157653D+00  0.651411D-01  0.858050D-02 -0.127083D-01
     27 -0.149443D-01  0.609197D-01 -0.129954D+00  0.149786D-02 -0.236755D-02
     28 -0.350286D-02  0.362963D-02 -0.149937D-02  0.173834D-02 -0.417482D-03
     29  0.217109D-01 -0.139195D-01 -0.295042D-02  0.595553D-03 -0.244328D-02
     30 -0.168398D-01  0.893435D-02  0.152644D-02 -0.172684D-02  0.296094D-02
     31  0.381747D-02  0.587311D-02  0.144014D-02  0.606672D-03 -0.645260D-04
     32 -0.185917D-01 -0.187471D-01 -0.593165D-02 -0.100450D-02  0.421069D-04
     33  0.162249D-01  0.140977D-01  0.373584D-02  0.382630D-03 -0.391845D-03
     34 -0.121215D-02  0.387655D-03 -0.603072D-02  0.155680D-03 -0.264465D-03
     35 -0.396208D-03  0.896103D-02  0.275146D-01 -0.466842D-03  0.715226D-03
     36 -0.461890D-04 -0.444508D-02 -0.195676D-01  0.397457D-03 -0.186402D-03
     37 -0.826926D-01  0.308164D-01  0.162244D-01  0.471344D-01 -0.509067D-01
     38  0.544178D-01 -0.189943D-01 -0.127233D-01 -0.422394D-01  0.945192D-02
     39  0.474344D-01 -0.182707D-01 -0.102744D-01 -0.378382D-01  0.216952D-01
     40  0.707450D-02 -0.681437D-04  0.175373D-02 -0.175528D-02  0.118110D-01
     41  0.390503D-02 -0.155999D-02 -0.100884D-02 -0.858970D-02 -0.283575D-02
     42  0.474131D-02 -0.186178D-02 -0.140684D-02 -0.963160D-02 -0.361750D-02
               21            22            23            24            25 
     21  0.264507D-01
     22  0.207266D-01  0.410594D-01
     23 -0.982179D-02  0.168138D-01  0.692531D-01
     24 -0.662231D-02  0.384016D-01  0.667809D-01  0.318257D+00
     25 -0.340417D-02  0.947570D-03  0.246343D-02 -0.101295D-02  0.563178D+00
     26  0.226505D-02 -0.147077D-02  0.790992D-02 -0.487265D-02  0.286978D-01
     27 -0.412548D-03 -0.512865D-02  0.263939D-01 -0.145911D-01 -0.241701D-02
     28 -0.126889D-02  0.135299D-03  0.308776D-03 -0.258972D-03 -0.251551D+00
     29  0.155550D-02 -0.464449D-03  0.368035D-03  0.162609D-03  0.102815D+00
     30  0.294000D-04  0.521694D-03 -0.658605D-03  0.520609D-04  0.379366D-01
     31  0.128672D-04  0.114799D-03 -0.389046D-03  0.364156D-03 -0.192504D+00
     32  0.187023D-04  0.347012D-03  0.106544D-02  0.584862D-04 -0.133378D+00
     33  0.131401D-03  0.521996D-03 -0.754942D-03  0.561428D-03 -0.359983D-01
     34 -0.633376D-03  0.641165D-03  0.103879D-02 -0.809472D-03 -0.464826D-01
     35  0.518171D-03  0.464503D-03 -0.431656D-02  0.319358D-02  0.285729D-02
     36 -0.332907D-03 -0.215053D-03  0.351374D-02 -0.732441D-03  0.124087D-01
     37 -0.416578D-01  0.632098D-02 -0.270586D-02  0.109000D-02  0.499500D-02
     38  0.189062D-01 -0.355713D-02  0.144099D-02 -0.178999D-03 -0.269833D-02
     39 -0.741736D-03 -0.333073D-02  0.153308D-02  0.650158D-03 -0.317474D-02
     40  0.118314D-01 -0.145830D-02  0.462525D-03 -0.383454D-03 -0.926262D-03
     41 -0.619770D-02 -0.666551D-03  0.257497D-03  0.379338D-03 -0.298091D-03
     42 -0.348095D-02 -0.497987D-03  0.394961D-03  0.137611D-03 -0.865008D-03
               26            27            28            29            30 
     26  0.515959D+00
     27  0.451030D-01  0.542658D+00
     28  0.100198D+00  0.415215D-01  0.273437D+00
     29 -0.941945D-01 -0.209925D-01 -0.112491D+00  0.102874D+00
     30 -0.193546D-01 -0.526423D-01 -0.432182D-01  0.192575D-01  0.548920D-01
     31 -0.135330D+00 -0.349942D-01 -0.192137D-01 -0.191534D-01 -0.562513D-02
     32 -0.168053D+00 -0.325157D-01  0.105648D-01  0.106949D-01  0.310707D-02
     33 -0.335553D-01 -0.562052D-01  0.450450D-02  0.440793D-02  0.102986D-04
     34  0.194780D-02  0.134733D-01 -0.785055D-03  0.731181D-02  0.282196D-01
     35 -0.677119D-01 -0.728641D-01 -0.621263D-03 -0.450857D-02 -0.129270D-01
     36 -0.715569D-01 -0.296005D+00 -0.359237D-04 -0.123027D-02 -0.403320D-02
     37 -0.348437D-02 -0.278175D-03 -0.491536D-03 -0.711963D-04  0.702326D-03
     38  0.265154D-02 -0.235225D-03  0.356518D-03  0.410246D-04 -0.577667D-03
     39  0.175180D-02 -0.628048D-04  0.353813D-03  0.000000D+00  0.121039D-03
     40  0.307131D-03  0.334640D-03  0.555054D-04  0.390114D-04 -0.250530D-03
     41 -0.422291D-03 -0.236858D-03 -0.101649D-03  0.166864D-03  0.174300D-03
     42  0.387391D-03  0.674737D-03 -0.838484D-05  0.189852D-03 -0.374634D-03
               31            32            33            34            35 
     31  0.205003D+00
     32  0.145568D+00  0.183561D+00
     33  0.392416D-01  0.323718D-01  0.582160D-01
     34  0.150901D-02 -0.545269D-02 -0.234994D-01  0.473231D-01
     35  0.273034D-02 -0.588229D-02 -0.203416D-01 -0.369086D-02  0.728618D-01
     36  0.307477D-03 -0.118574D-02 -0.413096D-02 -0.118733D-01  0.759519D-01
     37 -0.349034D-05  0.618126D-03 -0.190773D-03  0.596132D-04 -0.109295D-03
     38 -0.284345D-03  0.258598D-03  0.208699D-03 -0.559417D-03  0.185829D-03
     39  0.349356D-04 -0.333238D-03 -0.436079D-05  0.504755D-03 -0.354806D-03
     40  0.133064D-04 -0.177389D-03 -0.304229D-04  0.113640D-03  0.796107D-04
     41 -0.101345D-04  0.910212D-04  0.464745D-04  0.356657D-03 -0.393035D-03
     42  0.589250D-04  0.812538D-04 -0.453679D-04 -0.187146D-03  0.952674D-04
               36            37            38            39            40 
     36  0.322963D+00
     37  0.985975D-04  0.234543D+00
     38 -0.201059D-03  0.166275D+00  0.147304D+00
     39  0.774134D-03  0.198452D+00  0.157744D+00  0.200209D+00
     40 -0.296508D-03 -0.216210D+00 -0.165325D+00 -0.196430D+00  0.213119D+00
     41  0.382187D-03 -0.146380D+00 -0.139182D+00 -0.160561D+00  0.153769D+00
     42 -0.179723D-03 -0.176375D+00 -0.162513D+00 -0.190928D+00  0.183943D+00
               41            42 
     41  0.144077D+00
     42  0.166767D+00  0.195918D+00
