 Hessian
                1             2             3             4             5 
      1  0.542308D+00
      2  0.166695D+00  0.539558D+00
      3  0.319543D+00 -0.144596D+00  0.542769D+00
      4 -0.534168D-01  0.188632D-01 -0.308448D-01  0.474777D-01
      5  0.217416D-01 -0.208022D+00  0.146460D+00 -0.212339D-01  0.214441D+00
      6 -0.324841D-01  0.143104D+00 -0.173284D+00  0.390278D-01 -0.159883D+00
      7 -0.156510D+00 -0.144875D+00 -0.164586D-01  0.502053D-02  0.413865D-02
      8 -0.147984D+00 -0.233018D+00 -0.482805D-02 -0.126916D-01 -0.114069D-01
      9 -0.138239D-01 -0.139829D-02 -0.481934D-01  0.116349D-01  0.143965D-01
     10 -0.315623D+00 -0.317324D-01 -0.245734D+00  0.282478D-02 -0.610831D-03
     11 -0.266627D-01 -0.102018D+00  0.955445D-02  0.177372D-01  0.536857D-02
     12 -0.250937D+00  0.442265D-02 -0.313928D+00 -0.161609D-01 -0.143675D-03
     13  0.154234D-02  0.174763D-01 -0.185123D-01  0.197901D-02 -0.369587D-02
     14 -0.275996D-02  0.486835D-02 -0.138405D-02 -0.381085D-02  0.333439D-02
     15 -0.327406D-02  0.198207D-01 -0.111017D-01 -0.719893D-02  0.226041D-02
     16 -0.172587D-01 -0.185673D-01 -0.128870D-01 -0.236653D-02  0.127367D-02
     17 -0.770866D-02  0.273288D-02 -0.462126D-02  0.266764D-02 -0.186989D-02
     18 -0.190531D-01 -0.177972D-01  0.233892D-02  0.320688D-02 -0.219732D-02
     19  0.116716D-02 -0.379621D-02  0.399477D-02 -0.657870D-03  0.863854D-03
     20 -0.182541D-02 -0.152733D-02 -0.265584D-02 -0.399728D-03  0.702195D-04
     21 -0.507737D-03  0.245926D-04 -0.120208D-02 -0.203111D-03  0.152707D-03
     22 -0.971299D-03 -0.313393D-02  0.146277D-02  0.740583D-03 -0.222287D-03
     23 -0.223903D-02 -0.277127D-02  0.535584D-03  0.328104D-03 -0.297794D-03
     24  0.944829D-03 -0.106760D-02  0.119958D-02  0.412922D-03  0.965477D-05
     25 -0.123836D-02 -0.136248D-02  0.629766D-03 -0.457408D-03 -0.134671D-02
     26  0.995075D-03  0.452805D-03  0.301624D-03 -0.539938D-03 -0.740340D-03
     27 -0.215333D-03 -0.212890D-02 -0.237072D-03 -0.413829D-03 -0.378690D-03
     28  0.131959D-03  0.118986D-03 -0.131156D-03  0.230853D-04 -0.326450D-03
     29 -0.301857D-03  0.458060D-05  0.436095D-05 -0.121777D-03 -0.641487D-03
     30  0.529612D-03 -0.182573D-03  0.756990D-03  0.147698D-04 -0.712821D-04
     31  0.434255D-04  0.679333D-04 -0.278741D-03 -0.143492D-04  0.000000D+00
     32  0.330769D-03  0.221529D-03  0.384811D-03  0.255595D-03  0.199456D-03
     33 -0.645876D-03  0.515425D-04 -0.457510D-03  0.336543D-03 -0.452177D-03
     34  0.231426D-03 -0.224292D-03  0.624941D-03 -0.112245D-02 -0.558999D-03
     35 -0.694975D-03  0.414585D-04 -0.723718D-03 -0.102588D-02 -0.503117D-03
     36 -0.348501D-03  0.235073D-03  0.320817D-04  0.261985D-03 -0.311194D-03
     37 -0.242210D-03  0.943399D-03 -0.135293D-03  0.451727D-04 -0.146512D-03
     38  0.660093D-03 -0.801357D-04  0.126649D-02 -0.127862D-03  0.765628D-04
     39  0.410620D-03 -0.423649D-03  0.120960D-02  0.914238D-04  0.340057D-04
     40 -0.163935D-03 -0.472960D-03 -0.127296D-02 -0.754444D-04  0.124545D-03
     41 -0.245956D-03 -0.443830D-03  0.301874D-03  0.997482D-04 -0.855769D-05
     42 -0.137669D-03 -0.637204D-04  0.983476D-04 -0.165625D-03  0.123709D-03
                6             7             8             9            10 
      6  0.179699D+00
      7 -0.645927D-03  0.160990D+00
      8 -0.253974D-02  0.159867D+00  0.238715D+00
      9  0.378970D-02  0.214735D-01  0.442521D-02  0.426209D-01
     10 -0.356201D-02 -0.102956D-01  0.125603D-02 -0.163099D-01  0.532383D+00
     11  0.182221D-01 -0.195943D-01  0.281621D-02 -0.189872D-01  0.109617D+00
     12 -0.106891D-01 -0.204579D-04  0.221526D-02  0.182188D-02  0.308146D+00
     13 -0.732149D-02 -0.274615D-02  0.253568D-02  0.359863D-02 -0.524048D-01
     14  0.239927D-02  0.273936D-02 -0.832760D-03 -0.257017D-02  0.145306D-01
     15  0.250093D-02  0.339604D-02 -0.276949D-02 -0.243613D-02 -0.213391D-01
     16  0.396003D-02  0.417662D-02 -0.240641D-02 -0.579603D-02 -0.128881D+00
     17 -0.804536D-03 -0.191250D-02  0.325007D-02  0.449522D-02 -0.779176D-01
     18 -0.258466D-02 -0.765583D-02  0.404878D-02  0.248088D-02 -0.146752D-01
     19  0.941034D-03  0.762883D-03 -0.114169D-02 -0.188666D-02 -0.317633D-01
     20  0.277382D-03  0.604964D-03 -0.515533D-03 -0.865734D-03 -0.149945D-01
     21  0.116141D-03  0.438797D-04 -0.180771D-03 -0.143849D-03 -0.169309D-02
     22 -0.570982D-03 -0.172503D-02  0.627559D-03  0.505430D-03 -0.431101D-02
     23 -0.381677D-03 -0.139312D-02  0.800995D-03  0.458469D-03  0.487421D-03
     24 -0.148042D-03 -0.245228D-03  0.523068D-04  0.896925D-05 -0.189000D-02
     25  0.167568D-03  0.123631D-03 -0.124048D-03  0.399597D-03  0.399709D-02
     26  0.161041D-03  0.496807D-03  0.676356D-04  0.543322D-03  0.612859D-03
     27  0.117240D-03 -0.162693D-03  0.429515D-04 -0.144240D-03  0.397265D-02
     28 -0.465251D-04  0.674141D-04 -0.164177D-04  0.138363D-03  0.403603D-03
     29 -0.748895D-03 -0.101486D-03  0.225493D-03 -0.165125D-03  0.103892D-02
     30 -0.246303D-03 -0.533377D-04  0.104304D-03 -0.113782D-03 -0.225844D-03
     31  0.454496D-03  0.105653D-03 -0.167154D-03  0.921655D-04  0.325544D-03
     32 -0.220868D-03 -0.112550D-03  0.557337D-04 -0.446946D-04  0.217224D-02
     33  0.209822D-03  0.881087D-04 -0.165906D-03  0.278588D-03 -0.170172D-02
     34  0.158968D-03  0.216734D-04  0.165618D-03 -0.203929D-03  0.860170D-05
     35  0.329490D-03  0.865295D-04  0.521473D-05 -0.137382D-04  0.546998D-03
     36  0.410185D-03  0.160772D-03 -0.250148D-03  0.303086D-03 -0.778982D-03
     37 -0.139098D-03  0.429952D-04  0.948052D-04  0.159551D-03  0.192679D-02
     38 -0.403883D-04  0.116054D-03 -0.518227D-04 -0.171687D-03 -0.432947D-02
     39  0.136824D-03  0.762788D-04 -0.124013D-03 -0.174599D-03 -0.375294D-02
     40  0.602595D-04 -0.339609D-04 -0.154739D-04  0.183426D-04  0.140933D-02
     41  0.125761D-03 -0.603079D-04 -0.111145D-03 -0.102096D-03 -0.677254D-03
     42 -0.279185D-04  0.354193D-05 -0.306957D-04 -0.979946D-04 -0.456344D-03
               11            12            13            14            15 
     11  0.494418D+00
     12 -0.142961D+00  0.577097D+00
     13  0.125560D-01 -0.193901D-01  0.482227D-01
     14 -0.211626D+00  0.140433D+00 -0.101849D-01  0.219939D+00
     15  0.137892D+00 -0.167049D+00  0.297338D-01 -0.153312D+00  0.171890D+00
     16 -0.696903D-01 -0.102280D-01  0.452985D-02  0.411548D-02 -0.669522D-03
     17 -0.168157D+00 -0.384810D-02 -0.166173D-01 -0.145369D-01 -0.375654D-02
     18 -0.338878D-02 -0.869701D-01  0.138673D-01  0.153085D-01  0.434182D-02
     19  0.309090D-02 -0.332461D-02  0.481886D-03 -0.129834D-02 -0.671675D-04
     20  0.971130D-02  0.562605D-02  0.973677D-03  0.513942D-03  0.138954D-03
     21  0.103185D-02  0.133557D-02  0.355635D-03  0.544495D-03  0.781055D-04
     22 -0.922645D-02 -0.260123D-01  0.380678D-03  0.476095D-03  0.882823D-03
     23 -0.579345D-02 -0.231922D-01  0.182587D-03  0.399336D-03  0.509541D-03
     24 -0.146709D-02 -0.255823D-02 -0.660931D-03 -0.332635D-03  0.588157D-03
     25 -0.196183D-01  0.156271D-01 -0.254189D-02 -0.444178D-02 -0.120092D-02
     26 -0.238382D-01  0.149997D-01 -0.231958D-02 -0.107759D-02 -0.619957D-03
     27 -0.724199D-03  0.481250D-02 -0.228585D-02 -0.172084D-02  0.115349D-02
     28 -0.762781D-03 -0.441113D-04  0.634989D-04  0.204898D-03  0.421878D-04
     29  0.125497D-02  0.889629D-04 -0.242751D-03  0.263824D-03  0.169781D-03
     30 -0.799496D-03  0.200953D-03  0.191316D-04 -0.247140D-03 -0.219544D-03
     31  0.102935D-02 -0.920222D-03  0.312562D-03  0.178786D-03 -0.139507D-03
     32 -0.272437D-02  0.434499D-02 -0.107624D-02 -0.103534D-02 -0.143597D-03
     33  0.311355D-02 -0.277700D-02  0.631930D-03  0.102709D-02  0.292563D-03
     34  0.291359D-04  0.510322D-03 -0.646819D-04  0.000000D+00 -0.134165D-03
     35  0.105076D-02  0.450427D-04  0.343043D-03  0.443122D-04 -0.283219D-03
     36 -0.968034D-03  0.394212D-03  0.288021D-04  0.119800D-03  0.132300D-03
     37  0.170859D-02  0.212792D-02  0.356127D-03  0.342166D-03 -0.201556D-03
     38 -0.125166D-02 -0.148632D-02  0.297461D-03 -0.451492D-05 -0.283209D-03
     39 -0.829780D-03 -0.161125D-02 -0.421971D-03 -0.373921D-03  0.193555D-03
     40 -0.213600D-03  0.626375D-03 -0.111101D-03 -0.922122D-04  0.170051D-03
     41  0.788087D-03 -0.544089D-03 -0.228138D-03 -0.250294D-03  0.377155D-03
     42  0.311849D-03 -0.800135D-04  0.357393D-03  0.109162D-03 -0.365011D-03
               16            17            18            19            20 
     16  0.443769D+00
     17  0.154761D-01  0.496890D+00
     18  0.152408D-01  0.798391D-02  0.552238D+00
     19 -0.154472D+00  0.560782D-01  0.273272D-01  0.170966D+00
     20  0.309709D-01 -0.560204D-01 -0.911379D-02 -0.379561D-01  0.590927D-01
     21 -0.165145D-02 -0.634129D-03 -0.372384D-01 -0.270817D-03 -0.166362D-02
     22 -0.327942D-01 -0.397683D-02 -0.377423D-02 -0.949953D-02  0.142791D-01
     23 -0.670627D-02 -0.691962D-01 -0.723732D-01  0.435201D-02 -0.579553D-02
     24 -0.659525D-02 -0.691603D-01 -0.286590D+00  0.487826D-03 -0.253569D-02
     25 -0.725394D-01  0.107629D-01 -0.140328D-01 -0.103026D-01  0.260724D-01
     26  0.892515D-02 -0.159271D+00  0.637313D-01  0.549652D-02 -0.139395D-01
     27 -0.141145D-01  0.634411D-01 -0.131051D+00  0.169410D-02 -0.324886D-02
     28 -0.327118D-02  0.203511D-02 -0.879329D-03  0.169124D-02 -0.131905D-03
     29  0.224457D-01 -0.127530D-01 -0.416997D-02  0.850383D-03 -0.372773D-02
     30 -0.181374D-01  0.929927D-02  0.254905D-02 -0.219157D-02  0.444847D-02
     31  0.351284D-02  0.546875D-02  0.121876D-02  0.774745D-03 -0.159045D-03
     32 -0.188390D-01 -0.180822D-01 -0.583328D-02 -0.168079D-03  0.168405D-03
     33  0.166446D-01  0.147567D-01  0.337251D-02  0.558908D-04 -0.549788D-03
     34 -0.953872D-03 -0.731595D-03 -0.524642D-02  0.389601D-04 -0.491101D-03
     35 -0.176865D-02  0.885802D-02  0.273520D-01 -0.629867D-04  0.926264D-03
     36  0.140460D-02 -0.523941D-02 -0.196997D-01 -0.740603D-03  0.331756D-03
     37 -0.476644D-01  0.153638D-01  0.203382D-02  0.334332D-01 -0.221115D-01
     38  0.325148D-01 -0.106457D-01 -0.311556D-02 -0.228771D-01  0.117684D-01
     39  0.301368D-01 -0.106443D-01 -0.251426D-02 -0.218049D-01  0.117675D-01
     40  0.421315D-02  0.101207D-02  0.242213D-02 -0.262161D-02  0.516823D-02
     41  0.225604D-02 -0.119822D-02 -0.435374D-03 -0.343129D-02 -0.725204D-03
     42  0.269230D-02 -0.126765D-02 -0.672093D-03 -0.421454D-02 -0.195677D-02
               21            22            23            24            25 
     21  0.386921D-01
     22  0.294364D-01  0.440351D-01
     23 -0.127832D-01  0.597713D-02  0.759433D-01
     24 -0.758378D-02  0.672894D-02  0.761632D-01  0.311665D+00
     25 -0.128877D-01 -0.763687D-03  0.150862D-03  0.550765D-03  0.575935D+00
     26  0.666039D-02 -0.126009D-02  0.796090D-02 -0.502298D-02  0.165860D-01
     27  0.436666D-03 -0.458695D-02  0.270404D-01 -0.167903D-01 -0.191676D-02
     28 -0.110683D-02  0.111247D-03  0.178646D-03 -0.337473D-03 -0.255567D+00
     29  0.265930D-02 -0.358562D-03  0.696845D-03 -0.471294D-04  0.103473D+00
     30 -0.789546D-03 -0.283970D-03 -0.671214D-03  0.473781D-03  0.372896D-01
     31  0.157910D-03  0.108072D-03 -0.399609D-03  0.391123D-03 -0.192155D+00
     32 -0.555640D-03  0.419657D-04  0.102275D-02  0.115250D-03 -0.132143D+00
     33  0.581605D-03  0.540765D-03 -0.698156D-03  0.471355D-03 -0.355936D-01
     34 -0.418145D-03  0.580920D-03  0.879514D-03 -0.667069D-03 -0.477984D-01
     35 -0.394633D-03  0.501945D-03 -0.433415D-02  0.346406D-02  0.468090D-02
     36  0.495705D-03 -0.763844D-03  0.382635D-02 -0.843187D-03  0.145327D-01
     37 -0.163218D-01  0.516588D-02 -0.204827D-02  0.122753D-02  0.388403D-02
     38  0.823268D-02 -0.306284D-02  0.116987D-02 -0.571023D-03 -0.235040D-02
     39  0.673489D-02 -0.310927D-02  0.122716D-02 -0.213043D-04 -0.287968D-02
     40  0.506687D-02 -0.105768D-02  0.250031D-03 -0.347977D-03 -0.576497D-03
     41 -0.309404D-02 -0.662823D-03  0.194366D-03  0.399922D-03 -0.340000D-03
     42 -0.151314D-02 -0.455629D-03  0.338849D-03  0.128752D-03 -0.685526D-03
               26            27            28            29            30 
     26  0.522428D+00
     27  0.430230D-01  0.542964D+00
     28  0.103166D+00  0.383499D-01  0.276656D+00
     29 -0.973660D-01 -0.194092D-01 -0.114674D+00  0.105577D+00
     30 -0.194444D-01 -0.537855D-01 -0.404415D-01  0.180008D-01  0.557741D-01
     31 -0.134017D+00 -0.348215D-01 -0.192043D-01 -0.192874D-01 -0.567395D-02
     32 -0.167551D+00 -0.324127D-01  0.106757D-01  0.108945D-01  0.331602D-02
     33 -0.335593D-01 -0.553417D-01  0.421329D-02  0.428034D-02 -0.157969D-03
     34  0.396110D-02  0.149501D-01 -0.809248D-03  0.755187D-02  0.282678D-01
     35 -0.684499D-01 -0.735930D-01 -0.637541D-03 -0.484501D-02 -0.130581D-01
     36 -0.723871D-01 -0.292956D+00  0.465537D-04 -0.108154D-02 -0.376693D-02
     37 -0.230080D-02 -0.607484D-03 -0.347228D-03 -0.272079D-03  0.104236D-02
     38  0.180667D-02  0.328128D-03  0.311388D-03  0.171794D-03 -0.870784D-03
     39  0.137989D-02  0.820512D-04  0.239148D-03  0.208175D-03 -0.269733D-03
     40  0.197640D-03  0.158078D-03  0.501670D-04  0.000000D+00 -0.155646D-03
     41 -0.482946D-03 -0.259204D-03 -0.141124D-03  0.244140D-03  0.176147D-03
     42  0.233468D-03  0.740046D-03 -0.425238D-04  0.210170D-03 -0.405555D-03
               31            32            33            34            35 
     31  0.204512D+00
     32  0.144674D+00  0.182653D+00
     33  0.390607D-01  0.323656D-01  0.580504D-01
     34  0.168899D-02 -0.580219D-02 -0.235271D-01  0.479747D-01
     35  0.279434D-02 -0.621395D-02 -0.203234D-01 -0.467870D-02  0.735411D-01
     36  0.325608D-03 -0.128876D-02 -0.441107D-02 -0.144692D-01  0.771703D-01
     37  0.104314D-04  0.183176D-03 -0.539680D-04  0.408609D-04 -0.168854D-03
     38 -0.204715D-03  0.347413D-03  0.117322D-03 -0.475161D-03  0.221857D-03
     39  0.583873D-04 -0.108781D-03 -0.531023D-04  0.339841D-03 -0.102695D-03
     40 -0.200760D-04 -0.192059D-03 -0.496127D-04  0.162471D-03  0.838311D-04
     41  0.225294D-04  0.434688D-04  0.365235D-04  0.374155D-03 -0.342849D-03
     42  0.748024D-04  0.816345D-04 -0.584089D-04 -0.185910D-03  0.131625D-03
               36            37            38            39            40 
     36  0.319932D+00
     37  0.601715D-03  0.235615D+00
     38 -0.582102D-03  0.162968D+00  0.117876D+00
     39  0.272466D-03  0.197351D+00  0.141142D+00  0.168121D+00
     40 -0.261536D-03 -0.232266D+00 -0.163440D+00 -0.196734D+00  0.231091D+00
     41  0.425067D-03 -0.154556D+00 -0.121404D+00 -0.143152D+00  0.157590D+00
     42 -0.295603D-03 -0.187084D+00 -0.143966D+00 -0.172106D+00  0.190300D+00
               41            42 
     41  0.123697D+00
     42  0.145744D+00  0.174655D+00
