 Hessian
                1             2             3             4             5 
      1  0.541589D+00
      2  0.166649D+00  0.539912D+00
      3  0.316395D+00 -0.145531D+00  0.539690D+00
      4 -0.535870D-01  0.187782D-01 -0.308040D-01  0.474638D-01
      5  0.217676D-01 -0.208797D+00  0.146720D+00 -0.210581D-01  0.215078D+00
      6 -0.322196D-01  0.143220D+00 -0.172940D+00  0.389670D-01 -0.160050D+00
      7 -0.157443D+00 -0.145187D+00 -0.162828D-01  0.511206D-02  0.410857D-02
      8 -0.148336D+00 -0.232792D+00 -0.445389D-02 -0.127394D-01 -0.112407D-01
      9 -0.135652D-01 -0.113342D-02 -0.481964D-01  0.116229D-01  0.143816D-01
     10 -0.312232D+00 -0.314746D-01 -0.241189D+00  0.290544D-02 -0.644618D-03
     11 -0.248361D-01 -0.101440D+00  0.116927D-01  0.178333D-01  0.527824D-02
     12 -0.247963D+00  0.521918D-02 -0.310864D+00 -0.161540D-01 -0.232618D-03
     13  0.147074D-02  0.174068D-01 -0.184873D-01  0.192692D-02 -0.367097D-02
     14 -0.263533D-02  0.499518D-02 -0.140560D-02 -0.381462D-02  0.331850D-02
     15 -0.318027D-02  0.197538D-01 -0.110198D-01 -0.713137D-02  0.222628D-02
     16 -0.202585D-01 -0.181828D-01 -0.168224D-01 -0.222504D-02  0.106994D-02
     17 -0.856685D-02  0.186605D-02 -0.540307D-02  0.254600D-02 -0.166652D-02
     18 -0.189668D-01 -0.183566D-01  0.302526D-02  0.317522D-02 -0.210362D-02
     19  0.275086D-02 -0.379284D-02  0.664654D-02 -0.732463D-03  0.974736D-03
     20 -0.287232D-02 -0.909622D-03 -0.487821D-02 -0.207866D-03 -0.125834D-03
     21 -0.137434D-02  0.368929D-03 -0.292311D-02 -0.127062D-03  0.368656D-05
     22 -0.543523D-03 -0.337192D-02  0.181362D-02  0.699253D-03 -0.163315D-03
     23 -0.265649D-02 -0.290791D-02  0.230675D-03  0.281329D-03 -0.265883D-03
     24  0.899410D-03 -0.988878D-03  0.104765D-02  0.374149D-03  0.247763D-04
     25 -0.138771D-02 -0.130640D-02  0.611373D-03 -0.388477D-03 -0.139064D-02
     26  0.101981D-02  0.336066D-03  0.469505D-03 -0.608384D-03 -0.731849D-03
     27 -0.289226D-03 -0.207871D-02 -0.477117D-03 -0.452715D-03 -0.320305D-03
     28  0.195428D-03  0.476390D-04 -0.322142D-05 -0.121308D-04 -0.300865D-03
     29 -0.239441D-03 -0.211318D-04  0.298106D-04 -0.148081D-03 -0.628666D-03
     30  0.511085D-03 -0.183918D-03  0.775410D-03  0.265834D-04 -0.832107D-04
     31  0.498460D-04  0.633049D-04 -0.257972D-03 -0.183841D-04 -0.301396D-05
     32  0.317234D-03  0.233991D-03  0.355587D-03  0.257089D-03  0.195415D-03
     33 -0.678909D-03  0.448557D-04 -0.510922D-03  0.333183D-03 -0.441623D-03
     34  0.277217D-03 -0.253705D-03  0.712897D-03 -0.114030D-02 -0.604759D-03
     35 -0.680502D-03  0.390892D-04 -0.676340D-03 -0.104032D-02 -0.536020D-03
     36 -0.359354D-03  0.195385D-03  0.195995D-04  0.258741D-03 -0.323375D-03
     37 -0.774771D-03  0.109999D-02 -0.118776D-02  0.740353D-04 -0.209832D-03
     38  0.116961D-02 -0.112572D-03  0.227289D-02 -0.166911D-03  0.124751D-03
     39  0.810999D-03 -0.474149D-03  0.201015D-02  0.777273D-04  0.715638D-04
     40 -0.106007D-03 -0.476345D-03 -0.114577D-02 -0.777535D-04  0.125260D-03
     41 -0.101026D-03 -0.401619D-03  0.576466D-03  0.877453D-04 -0.273320D-05
     42 -0.198071D-04 -0.554252D-04  0.363403D-03 -0.166283D-03  0.126595D-03
                6             7             8             9            10 
      6  0.179280D+00
      7 -0.729179D-03  0.161760D+00
      8 -0.249124D-02  0.160198D+00  0.238219D+00
      9  0.387854D-02  0.212593D-01  0.399934D-02  0.424480D-01
     10 -0.363853D-02 -0.100233D-01  0.113118D-02 -0.165842D-01  0.525509D+00
     11  0.181655D-01 -0.194814D-01  0.297070D-02 -0.186969D-01  0.107798D+00
     12 -0.107140D-01  0.155350D-03  0.219230D-02  0.197970D-02  0.302866D+00
     13 -0.726480D-02 -0.269695D-02  0.250590D-02  0.354781D-02 -0.523337D-01
     14  0.236729D-02  0.270892D-02 -0.849682D-03 -0.254264D-02  0.143112D-01
     15  0.249492D-02  0.336807D-02 -0.274105D-02 -0.239345D-02 -0.216112D-01
     16  0.375892D-02  0.379314D-02 -0.204470D-02 -0.535259D-02 -0.118927D+00
     17 -0.639198D-03 -0.190387D-02  0.304770D-02  0.411501D-02 -0.814963D-01
     18 -0.258164D-02 -0.773410D-02  0.393731D-02  0.223069D-02 -0.172136D-01
     19  0.107047D-02  0.967783D-03 -0.130802D-02 -0.207030D-02 -0.398794D-01
     20  0.938269D-04  0.360749D-03 -0.232275D-03 -0.365213D-03 -0.560324D-02
     21 -0.361758D-04 -0.846141D-04  0.111422D-04  0.135107D-03  0.444044D-02
     22 -0.504455D-03 -0.170805D-02  0.590634D-03  0.444091D-03 -0.607143D-02
     23 -0.348512D-03 -0.134931D-02  0.760376D-03  0.334560D-03  0.211931D-03
     24 -0.105044D-03 -0.167551D-03  0.509781D-04 -0.474446D-05 -0.128314D-02
     25  0.136929D-03  0.645266D-04 -0.124376D-03  0.430079D-03  0.418850D-02
     26  0.199904D-03  0.515428D-03  0.575790D-04  0.518392D-03  0.753774D-03
     27  0.186403D-03 -0.121312D-03  0.279420D-04 -0.173199D-03  0.425661D-02
     28 -0.338802D-04  0.894340D-04 -0.251196D-04  0.108994D-03  0.228604D-03
     29 -0.736113D-03 -0.795381D-04  0.219178D-03 -0.176408D-03  0.899230D-03
     30 -0.263421D-03 -0.664746D-04  0.105632D-03 -0.114815D-03 -0.332399D-03
     31  0.449850D-03  0.108553D-03 -0.162969D-03  0.894681D-04  0.271894D-03
     32 -0.227258D-03 -0.118196D-03  0.616425D-04 -0.424682D-04  0.222502D-02
     33  0.215368D-03  0.930336D-04 -0.169726D-03  0.271004D-03 -0.164759D-02
     34  0.149920D-03  0.186960D-04  0.167490D-03 -0.203631D-03 -0.171108D-03
     35  0.318077D-03  0.728676D-04  0.109666D-04  0.229313D-05  0.512976D-03
     36  0.415065D-03  0.148267D-03 -0.247067D-03  0.308872D-03 -0.825313D-03
     37 -0.204074D-03 -0.136622D-04  0.168844D-03  0.263830D-03  0.538267D-02
     38 -0.300264D-05  0.184239D-03 -0.112571D-03 -0.268013D-03 -0.722864D-02
     39  0.185533D-03  0.136721D-03 -0.181590D-03 -0.254703D-03 -0.620473D-02
     40  0.614641D-04 -0.291266D-04 -0.216652D-04  0.938650D-05  0.115220D-02
     41  0.130984D-03 -0.293212D-04 -0.119405D-03 -0.126180D-03 -0.139645D-02
     42 -0.158681D-04  0.252447D-04 -0.400760D-04 -0.114559D-03 -0.103403D-02
               11            12            13            14            15 
     11  0.492931D+00
     12 -0.147428D+00  0.574402D+00
     13  0.131439D-01 -0.195608D-01  0.484617D-01
     14 -0.211717D+00  0.140795D+00 -0.101880D-01  0.219845D+00
     15  0.138123D+00 -0.167944D+00  0.298177D-01 -0.153681D+00  0.172624D+00
     16 -0.686987D-01 -0.595303D-02  0.429021D-02  0.444926D-02 -0.556436D-03
     17 -0.167946D+00 -0.179076D-02 -0.170980D-01 -0.146174D-01 -0.342178D-02
     18 -0.311688D-02 -0.888992D-01  0.139988D-01  0.151203D-01  0.428328D-02
     19  0.645081D-03 -0.564514D-02  0.583025D-03 -0.151455D-02 -0.136304D-03
     20  0.973358D-02  0.806618D-02  0.737766D-03  0.642634D-03  0.158190D-03
     21  0.178436D-02  0.329067D-02  0.314686D-03  0.761880D-03  0.816631D-04
     22 -0.917555D-02 -0.264537D-01  0.272644D-03  0.459775D-03  0.955592D-03
     23 -0.418070D-02 -0.224123D-01  0.245422D-03  0.410586D-03  0.425388D-03
     24 -0.851253D-03 -0.164946D-02 -0.655126D-03 -0.316740D-03  0.599762D-03
     25 -0.197392D-01  0.155467D-01 -0.254168D-02 -0.451891D-02 -0.125061D-02
     26 -0.238639D-01  0.143679D-01 -0.227597D-02 -0.101577D-02 -0.618608D-03
     27 -0.180009D-03  0.508355D-02 -0.230449D-02 -0.158448D-02  0.124936D-02
     28 -0.908592D-03 -0.165089D-03  0.695782D-04  0.197145D-03  0.307445D-04
     29  0.124726D-02  0.960062D-04 -0.243652D-03  0.289464D-03  0.189412D-03
     30 -0.719950D-03  0.217129D-03  0.171548D-04 -0.265990D-03 -0.227752D-03
     31  0.101795D-02 -0.955675D-03  0.322012D-03  0.185337D-03 -0.141839D-03
     32 -0.266906D-02  0.435731D-02 -0.106867D-02 -0.101536D-02 -0.145088D-03
     33  0.323074D-02 -0.263271D-02  0.620171D-03  0.101384D-02  0.294669D-03
     34 -0.762333D-04  0.383553D-03 -0.587035D-04 -0.326825D-05 -0.135693D-03
     35  0.872207D-03 -0.418101D-04  0.340457D-03  0.274567D-04 -0.294452D-03
     36 -0.869132D-03  0.355489D-03  0.290804D-04  0.116641D-03  0.132712D-03
     37  0.278123D-02  0.344577D-02  0.351754D-03  0.464990D-03 -0.205309D-03
     38 -0.191822D-02 -0.243852D-02  0.368144D-03 -0.681031D-04 -0.330426D-03
     39 -0.133672D-02 -0.233131D-02 -0.423112D-03 -0.459783D-03  0.182692D-03
     40 -0.304070D-03  0.453030D-03 -0.117564D-03 -0.101952D-03  0.176991D-03
     41  0.701913D-03 -0.749638D-03 -0.203064D-03 -0.245962D-03  0.356269D-03
     42  0.202485D-03 -0.293192D-03  0.350311D-03  0.813984D-04 -0.358125D-03
               16            17            18            19            20 
     16  0.360690D+00
     17  0.490983D-01  0.484855D+00
     18  0.370249D-01  0.316624D-02  0.556571D+00
     19 -0.644654D-01  0.249675D-01  0.170498D-01  0.759012D-01
     20 -0.111506D-01 -0.386160D-01 -0.404860D-02  0.999774D-02  0.359814D-01
     21 -0.228885D-01  0.572384D-02 -0.318712D-01  0.254259D-01 -0.156628D-01
     22 -0.298406D-01 -0.858643D-02 -0.159736D-01 -0.118444D-01  0.151779D-01
     23 -0.127258D-01 -0.673883D-01 -0.687163D-01  0.545608D-02 -0.648672D-02
     24 -0.208185D-01 -0.656230D-01 -0.291281D+00  0.313823D-03 -0.272141D-02
     25 -0.677652D-01  0.840667D-02 -0.159941D-01 -0.144687D-01  0.262654D-01
     26  0.597191D-02 -0.159242D+00  0.641594D-01  0.777610D-02 -0.146104D-01
     27 -0.154453D-01  0.629957D-01 -0.130339D+00  0.248909D-02 -0.370332D-02
     28 -0.356995D-02  0.259742D-02 -0.951910D-03  0.183748D-02 -0.296460D-03
     29  0.218150D-01 -0.130009D-01 -0.392848D-02  0.128096D-02 -0.365142D-02
     30 -0.169598D-01  0.883004D-02  0.227895D-02 -0.281156D-02  0.442797D-02
     31  0.357379D-02  0.567727D-02  0.133095D-02  0.821140D-03 -0.210268D-03
     32 -0.189482D-01 -0.182298D-01 -0.584413D-02 -0.338513D-03  0.498840D-04
     33  0.165383D-01  0.144763D-01  0.343583D-02  0.157198D-03 -0.496294D-03
     34 -0.107230D-02 -0.309378D-03 -0.561967D-02  0.582151D-04 -0.399714D-03
     35 -0.120058D-02  0.880415D-02  0.276085D-01 -0.171855D-03  0.858895D-03
     36  0.107301D-02 -0.505745D-02 -0.197394D-01 -0.650129D-03  0.351624D-03
     37 -0.694845D-01  0.239078D-01  0.753599D-02  0.504933D-01 -0.387006D-01
     38  0.470319D-01 -0.161841D-01 -0.718929D-02 -0.380094D-01  0.179610D-01
     39  0.422529D-01 -0.156238D-01 -0.601341D-02 -0.349923D-01  0.205387D-01
     40  0.526158D-02  0.759854D-03  0.233831D-02 -0.202257D-02  0.690144D-02
     41  0.351493D-02 -0.168173D-02 -0.687947D-03 -0.596305D-02 -0.595169D-03
     42  0.414853D-02 -0.174806D-02 -0.110060D-02 -0.684714D-02 -0.176066D-02
               21            22            23            24            25 
     21  0.303400D-01
     22  0.276750D-01  0.430417D-01
     23 -0.126015D-01  0.109456D-01  0.729472D-01
     24 -0.808806D-02  0.213663D-01  0.718027D-01  0.314707D+00
     25 -0.824628D-02 -0.587119D-03  0.137609D-02 -0.103315D-03  0.571566D+00
     26  0.491095D-02 -0.127997D-02  0.794559D-02 -0.490699D-02  0.206779D-01
     27 -0.130697D-03 -0.464481D-02  0.267912D-01 -0.157648D-01 -0.188330D-02
     28 -0.128570D-02  0.109247D-03  0.221897D-03 -0.299849D-03 -0.253858D+00
     29  0.209110D-02 -0.331436D-03  0.540031D-03  0.348559D-04  0.102987D+00
     30 -0.804510D-04 -0.877705D-04 -0.631953D-03  0.326162D-03  0.380310D-01
     31  0.548655D-04  0.146494D-03 -0.405175D-03  0.376616D-03 -0.192474D+00
     32 -0.425804D-03  0.159158D-03  0.104288D-02  0.104142D-03 -0.132585D+00
     33  0.408138D-03  0.533739D-03 -0.712773D-03  0.500841D-03 -0.354901D-01
     34 -0.488984D-03  0.609208D-03  0.964615D-03 -0.729965D-03 -0.473018D-01
     35 -0.100201D-03  0.494342D-03 -0.435894D-02  0.333355D-02  0.381455D-02
     36  0.421055D-03 -0.595980D-03  0.373052D-02 -0.750653D-03  0.130141D-01
     37 -0.302442D-01  0.695831D-02 -0.291319D-02  0.108027D-02  0.563710D-02
     38  0.166377D-01 -0.415977D-02  0.167698D-02 -0.352884D-03 -0.344776D-02
     39  0.986698D-02 -0.397533D-02  0.170956D-02  0.314535D-03 -0.389993D-02
     40  0.682877D-02 -0.124168D-02  0.346987D-03 -0.353068D-03 -0.684030D-03
     41 -0.350332D-02 -0.759044D-03  0.264879D-03  0.410154D-03 -0.415153D-03
     42 -0.141388D-02 -0.552720D-03  0.398650D-03  0.147780D-03 -0.902416D-03
               26            27            28            29            30 
     26  0.521174D+00
     27  0.434075D-01  0.542677D+00
     28  0.101974D+00  0.399853D-01  0.275238D+00
     29 -0.962803D-01 -0.201612D-01 -0.113728D+00  0.104658D+00
     30 -0.196021D-01 -0.537776D-01 -0.420736D-01  0.187843D-01  0.557143D-01
     31 -0.134526D+00 -0.346363D-01 -0.191923D-01 -0.192142D-01 -0.562585D-02
     32 -0.167744D+00 -0.321728D-01  0.106372D-01  0.108206D-01  0.323688D-02
     33 -0.332786D-01 -0.554781D-01  0.437552D-02  0.438979D-02 -0.894373D-04
     34  0.302037D-02  0.137476D-01 -0.727200D-03  0.742643D-02  0.282512D-01
     35 -0.680885D-01 -0.732243D-01 -0.662687D-03 -0.471540D-02 -0.130021D-01
     36 -0.718204D-01 -0.294161D+00  0.176331D-04 -0.114106D-02 -0.394219D-02
     37 -0.325971D-02 -0.916275D-03 -0.467305D-03 -0.429675D-03  0.130833D-02
     38  0.250241D-02  0.413147D-03  0.369919D-03  0.287927D-03 -0.103888D-02
     39  0.184641D-02  0.346466D-03  0.320241D-03  0.293336D-03 -0.388168D-03
     40  0.241166D-03  0.215138D-03  0.587388D-04  0.527575D-05 -0.187887D-03
     41 -0.438317D-03 -0.210280D-03 -0.123329D-03  0.234848D-03  0.143173D-03
     42  0.346631D-03  0.757824D-03 -0.251583D-04  0.234641D-03 -0.428206D-03
               31            32            33            34            35 
     31  0.204885D+00
     32  0.145039D+00  0.182890D+00
     33  0.388453D-01  0.320941D-01  0.579470D-01
     34  0.155952D-02 -0.566214D-02 -0.235376D-01  0.477339D-01
     35  0.271753D-02 -0.607327D-02 -0.203341D-01 -0.410009D-02  0.732738D-01
     36  0.308831D-03 -0.123472D-02 -0.426861D-02 -0.127262D-01  0.764636D-01
     37 -0.437396D-04  0.276918D-03 -0.100865D-03  0.623670D-04 -0.173057D-03
     38 -0.194388D-03  0.364236D-03  0.145368D-03 -0.533127D-03  0.241081D-03
     39  0.869566D-04 -0.146792D-03 -0.386784D-04  0.387436D-03 -0.173998D-03
     40 -0.993269D-05 -0.190227D-03 -0.413303D-04  0.152354D-03  0.763571D-04
     41  0.161592D-04  0.732030D-04  0.381322D-04  0.363516D-03 -0.355435D-03
     42  0.748700D-04  0.910954D-04 -0.543838D-04 -0.190838D-03  0.121243D-03
               36            37            38            39            40 
     36  0.321121D+00
     37  0.587101D-03  0.223145D+00
     38 -0.552906D-03  0.168236D+00  0.125939D+00
     39  0.348900D-03  0.200983D+00  0.146655D+00  0.177971D+00
     40 -0.279696D-03 -0.221321D+00 -0.163620D+00 -0.195560D+00  0.218985D+00
     41  0.388273D-03 -0.151250D+00 -0.130702D+00 -0.152718D+00  0.156258D+00
     42 -0.261017D-03 -0.182346D+00 -0.153951D+00 -0.182200D+00  0.187485D+00
               41            42 
     41  0.133268D+00
     42  0.155952D+00  0.184971D+00
