  Rotor                             Hindered                 
  Group    7   8   9                                         
  Axis             6           4                             
  Symmetry            3                                      
  Potential[kcal/mol]           12
0.00001882528 0.08126750032 0.31032415556 0.63173452146 0.97549050066 1.23550408206 1.34346897406 1.24767839387 0.98908549397 0.65290731949 0.33027895765 0.10458700836
  End                                                        
  Rotor                             Hindered                 
  Group   11                                                 
  Axis            10           1                             
  Symmetry            1                                      
  Potential[kcal/mol]           36
0.00004078811 0.01960716183 0.08087718942 0.20157926924 0.40479257324 0.67271465686 0.97643113738 1.29773419917 1.61427634637 1.90147112926 2.14380400299 2.32680773604 2.45300868162 2.51495516444 2.50703787707 2.43268364891 2.29316067664 2.08867478339 1.82892663850 1.52761163683 1.21821494031 0.94493204303 0.73999246039 0.59805859663 0.50435009296 0.44887135055 0.42287990706 0.41241304861 0.40142974983 0.38624339241 0.35253358207 0.29494766277 0.21622094840 0.12632268242 0.05351903022 0.01204880990
  End 
